0.2 -1.0012948785345714 1.5663999877868782 0.6640602918332239
0.21 -1.001492427995348 1.5757386039790482 0.662502591236935
0.22 -1.0016667254710852 1.5848842804883736 0.6610923721398603
0.23 -1.001821269448094 1.5938603896352563 0.6598103309110915
0.24 -1.001958926219308 1.6026847825327624 0.6586403023612999
0.25 -1.0020820618582231 1.611370931387898 0.6575686597925058
0.26 -1.0021926431951684 1.619928837674681 0.6565838453727032
0.27 -1.0022923158333361 1.6283657586220035 0.6556759994022794
0.28 -1.0023824649739617 1.6366867907274485 0.6548366653171767
0.29 -1.002464263240836 1.644895340344949 0.6540585532014119
0.3 -1.0025387085807693 1.6529935040990646 0.6533353488709944
0.31 -1.0026066545221284 1.6609823772175805 0.6526615587265606
0.32 -1.0026688345004429 1.6688623030866256 0.6520323828853763
0.33 -1.00272588154234 1.6766330755161671 0.6514436108255776
0.34 -1.0027783442916993 1.6842941021977336 0.6508915350685289
0.35000000000000003 -1.0028267001336386 1.6918445363128447 0.6503728794035296
0.36 -1.0028713660009725 1.6992833820243232 0.6498847389054152
0.37 -1.002912707318719 1.7066095784247197 0.649424529568456
0.38 -1.0029510454439896 1.7138220655937748 0.6489899458234039
0.39 -1.0029866638833804 1.7209198359990316 0.6485789245491437
0.4 -1.0030198135118653 1.727901973804048 0.6481896144610027
0.41000000000000003 -1.003050716972133 1.7347676840795638 0.647820349970245
0.42 -1.0030795723980552 1.7415163137517133 0.6474696287782991
0.43 -1.0031065565782535 1.7481473657426392 0.6471360926033201
0.44 -1.0031318276538672 1.7546605078557203 0.6468185105446793
0.45 -1.0031555274271946 1.761055576880861 0.6465157646771137
0.46 -1.0031777833440012 1.7673325791520373 0.6462268375366912
0.47000000000000003 -1.003198710201098 1.773491688363833 0.645950801217428
0.48 -1.0032184116218341 1.7795332410924836 0.6456868078437774
0.49 -1.0032369813348183 1.7854577305718815 0.64543408122233
0.5 -1.003254504285279 1.7912657991265857 0.6451919095073082
0.51 -1.003271057603609 1.7969582296917317 0.644959638740088
0.52 -1.0032867114516761 1.802535936702096 0.6447366671447499
0.53 -1.0033015297641974 1.8079999567244265 0.6445224400790371
0.54 -1.0033155708997819 1.81335143848393 0.6443164455553112
0.55 -1.003328888213989 1.818591633446111 0.6441182102582581
0.56 -1.0033415305648954 1.8237218859106155 0.6439272959968557
0.5700000000000001 -1.003353542760091 1.828743623676611 0.6437432965365804
0.58 -1.0033649659527328 1.8336583488928193 0.6435658347656216
0.59 -1.0033758379931772 1.8384676293691677 0.6433945601549207
0.6 -1.0033861937417934 1.843173089873734 0.6432291464773707
0.61 -1.0033960653477707 1.8477764043936393 0.6430692897560563
0.62 -1.0034054824980827 1.8522792883360455 0.6429147064153153
0.63 -1.0034144726402021 1.8566834918199295 0.6427651316117733
0.64 -1.0034230611816712 1.8609907925675075 0.6426203177253307
0.65 -1.00343127166925 1.865202990042333 0.6424800329926648
0.66 -1.0034391259499784 1.8693218996425411 0.6423440602678414
0.67 -1.0034466443162178 1.8733493472615097 0.6422121958965947
0.68 -1.003453845636467 1.877287164639776 0.642084248692298
0.6900000000000001 -1.003460747473518 1.8811371847181757 0.6419600390031525
0.7000000000000001 -1.003467366191338 1.884901237623864 0.6418393978613806
0.71 -1.0034737170518833 1.888581147091745 0.6417221662060625
0.72 -1.003479814302926 1.8921787268331582 0.6416081941724343
0.73 -1.0034856712578177 1.8956957778082837 0.6414973404410556
0.74 -1.0034913003680348 1.8991340853658905 0.6413894716411823
0.75 -1.0034967132892463 1.9024954168313484 0.6412844618030725
0.76 -1.0035019209415423 1.9057815193834557 0.6411821918546864
0.77 -1.0035069335644176 1.908994118258542 0.6410825491586725
0.78 -1.0035117607670248 1.912134914901648 0.6409854270859056
0.79 -1.0035164115741437 1.91520558577145 0.640890724622301
0.8 -1.0035208944682998 1.9182077809049332 0.64079834600593
0.81 -1.0035252174283753 1.9211431230547442 0.6407082003917356
0.8200000000000001 -1.0035293879650575 1.9240132065203392 0.6406202015414476
0.8300000000000001 -1.0035334131534095 1.926819596882075 0.6405342675366034
0.84 -1.0035372996628282 1.9295638300748612 0.6404503205125327
0.85 -1.003541053784626 1.9322474119213275 0.640368286411726
0.86 -1.0035446814574567 1.9348718181566913 0.6402880947548635
0.87 -1.0035481882907582 1.9374384938024576 0.6402096784280713
0.88 -1.0035515795864076 1.9399488532198166 0.6401329734851257
0.89 -1.003554860358728 1.9424042802871992 0.6400579189633175
0.9 -1.0035580353529991 1.9448061279819173 0.6399844567119901
0.91 -1.0035611090625811 1.9471557188804094 0.6399125312326814
0.92 -1.0035640857447978 1.9494543452467654 0.6398420895299811
0.93 -1.0035669694356488 1.9517032691625391 0.6397730809723182
0.9400000000000001 -1.0035697639634715 1.9539037229171796 0.6397054571618395
0.9500000000000001 -1.0035724729616302 1.956056909174295 0.6396391718127886
0.96 -1.0035750998803008 1.958164001737463 0.6395741806376699
0.97 -1.0035776479974463 1.9602261453631495 0.6395104412406833
0.98 -1.0035801204290242 1.9622444566389876 0.6394479130178414
0.99 -1.0035825201384936 1.9642200243813666 0.639386557063351
1.0 -1.0035848499456876 1.966153909795986 0.639326336081725
1.01 -1.0035871125350784 1.9680471473413956 0.6392672143053227
1.02 -1.0035893104634999 1.9699007451330697 0.6392091574168282
1.03 -1.003591446167361 1.9717156852287006 0.6391521324764001
1.04 -1.0035935219693817 1.9734929244944166 0.6390961078531481
1.05 -1.003595540084903 1.9752333948803589 0.6390410531606209
1.06 -1.003597502627785 1.9769380040936038 0.6389869391960622
1.07 -1.003599411615933 1.9786076360459255 0.6389337378831729
1.08 -1.003601268976476 1.9802431514519494 0.6388814222181333
1.09 -1.0036030765506203 1.981845388335224 0.6388299662186769
1.1 -1.0036048360982095 1.9834151626074825 0.638779344876057
1.11 -1.003606549301993 1.9849532685449365 0.6387295341096225
1.12 -1.003608217771649 1.986460479331896 0.6386805107239604
1.1300000000000001 -1.0036098430475522 1.9879375475612553 0.638632252368333
1.1400000000000001 -1.0036114266043272 1.989385205804061 0.6385847374982939
1.1500000000000001 -1.0036129698541847 1.990804167052248 0.6385379453397247
1.16 -1.0036144741500657 1.9921951253497376 0.6384918558534597
1.17 -1.0036159407885974 1.9935587561902728 0.6384464497041961
1.18 -1.0036173710128866 1.9948957168891268 0.638401708228545
1.19 -1.0036187660151432 1.996206647305415 0.6383576134061738
1.2 -1.0036201269391645 1.997492170077189 0.638314147832013
1.21 -1.003621454882673 1.9987528912877115 0.6382712946899161
1.22 -1.0036227508995215 1.9999894007232242 0.6382290377276437
1.23 -1.0036240160017853 2.001202272529648 0.6381873612331282
1.24 -1.0036252511617305 2.0023920654348273 0.638146250011885
1.25 -1.0036264573136773 2.0035593232088424 0.6381056893655697
1.26 -1.003627635355767 2.0047045751810493 0.6380656650715582
1.27 -1.0036287861516215 2.005828336667463 0.6380261633635176
1.28 -1.0036299105319315 2.00693110917551 0.6379871709129419
1.29 -1.0036310092959475 2.008013380778976 0.6379486748115314
1.3 -1.0036320832128947 2.009075626887805 0.637910662554433
1.31 -1.0036331330233204 2.0101183101167273 0.6378731220242556
1.32 -1.003634159440364 2.0111418807914916 0.6378360414760247
1.33 -1.0036351631509666 2.012146777713087 0.6377994095214964
1.34 -1.0036361448170148 2.0131334276113084 0.6377632151179239
1.35 -1.0036371050764326 2.0141022463486795 0.6377274475518676
1.36 -1.0036380445442115 2.0150536388309455 0.6376920964282367
1.37 -1.0036389638133933 2.0159879992026566 0.6376571516578194
1.3800000000000001 -1.0036398634560042 2.0169057115815665 0.6376226034457521
1.3900000000000001 -1.0036407440239408 2.017807149790225 0.6375884422805058
1.4000000000000001 -1.003641606049814 2.018692678188946 0.6375546589233395
1.41 -1.0036424500477512 2.019562651520606 0.63752124439823
1.42 -1.0036432765141634 2.020417415589923 0.6374881899822066
1.43 -1.0036440859284688 2.0212573069413606 0.637455487196125
1.44 -1.0036448787537888 2.0220826537747967 0.6374231277958051
1.45 -1.003645655437605 2.0228937757782237 0.6373911037635663
1.46 -1.00364641641239 2.0236909845940922 0.6373594073000631
1.47 -1.00364716209621 2.0244745838655156 0.6373280308164817
1.48 -1.0036478928932908 2.0252448696690313 0.6372969669269904
1.49 -1.0036486091945687 2.026002130799223 0.637266208441399
1.5 -1.0036493113782095 2.026746649022059 0.6372357483579644
1.51 -1.0036499998101043 2.0274786996090155 0.6372055798559861
1.52 -1.0036506748443415 2.0281985526111326 0.6371756962873937
1.53 -1.0036513368236633 2.0289064753154156 0.6371460911641124
1.54 -1.0036519860798596 2.029602744536922 0.637116758124089
1.55 -1.003652622933787 2.03028775122631 0.6370876906937897
1.56 -1.003653247690068 2.0309595009940247 0.6370588896307208
1.57 -1.0036538606734156 2.031623199731298 0.6370303330842145
1.58 -1.0036544621518884 2.032275176469983 0.6370020286037225
1.59 -1.003655052416509 2.0329165686617396 0.6369739672600633
1.6 -1.0036556317418628 2.0335476467531817 0.6369461434693823
1.61 -1.0036562003940563 2.0341686365345493 0.6369185518964868
1.62 -1.0036567586311214 2.0347797506700127 0.6368911873543184
1.6300000000000001 -1.0036573067033117 2.035381194346527 0.6368640447839456
1.6400000000000001 -1.0036578448533922 2.035973166991077 0.6368371192463959
1.6500000000000001 -1.0036583733168996 2.0365558628207987 0.6368104059173404
1.6600000000000001 -1.003658892322403 2.0371294711893992 0.6367839000828563
1.67 -1.003659402091751 2.0376941770405312 0.6367575971355918
1.68 -1.003659902840302 2.0382501607409096 0.6367314925712054
1.69 -1.0036603947771567 2.038797598523086 0.636705581985004
1.7 -1.0036608781053702 2.0393366624479055 0.6366798610687266
1.71 -1.003661353022164 2.039867520538612 0.6366543256074195
1.72 -1.0036618197191207 2.0403903371508547 0.6366289714765087
1.73 -1.0036622783823836 2.040905272636843 0.6366037946388748
1.74 -1.003662729192834 2.041412483978232 0.6365787911421295
1.75 -1.0036631723262714 2.041912124387324 0.6365539571159304
1.76 -1.003663607953585 2.0424043437081862 0.6365292887693895
1.77 -1.0036640362409144 2.042889288551456 0.6365047823886377
1.78 -1.003664457349808 2.0433671021891593 0.6364804343344261
1.79 -1.0036648714373748 2.0438379247405987 0.6364562410398663
1.8 -1.0036652786564293 2.0443018931146875 0.6364321990083307
1.81 -1.0036656791556318 2.0447591412447523 0.6364083048114949
1.82 -1.0036660730796207 2.0452097996909964 0.6363845550878011
1.83 -1.0036664605691386 2.0456539957896367 0.6363609465414569
1.84 -1.0036668417611627 2.046091852702557 0.636337475943086
1.85 -1.003667216789002 2.0465234876559197 0.6363141401346152
1.86 -1.00366758578238 2.0469490061514644 0.636290936049539
1.87 -1.0036679488673002 2.0473684773952603 0.6362678608109261
1.8800000000000001 -1.0036683061630778 2.0477817421532865 0.6362449126483039
1.8900000000000001 -1.0036686575869596 2.048197832061765 0.636222085935727
1.9000000000000001 -1.0036690038895402 2.0485939606418984 0.636199371483636
1.9100000000000001 -1.003669344545329 2.0489905145888163 0.6361767810084676
1.92 -1.0036696798754883 2.0493819018909916 0.6361543040575952
1.93 -1.0036700099896867 2.049768060435429 0.6361319381631522
1.94 -1.0036703349934222 2.050149059347374 0.636109680676963
1.95 -1.003670654989355 2.0505249905636465 0.6360875289417892
1.96 -1.0036709700775248 2.050895952255511 0.6360654803239731
1.97 -1.0036712803554548 2.0512620440591482 0.6360435322215564
1.98 -1.0036715859182321 2.051623366156755 0.6360216820661893
1.99 -1.003671886858587 2.0519800185813244 0.6359999273229381
2.0 -1.0036721832669602 2.0523321010888202 0.6359782654892984
2.0100000000000002 -1.0036724752315704 2.0526797135943204 0.6359566940937551
2.02 -1.0036727628384814 2.053022956007875 0.6359352106941891
2.0300000000000002 -1.0036730461716628 2.053361928532479 0.6359138128760927
2.04 -1.0036733253130523 2.053696731995748 0.6358924982505968
2.05 -1.0036736003426117 2.0540274685551068 0.6358712644523975
2.06 -1.0036738713383848 2.0543542415926273 0.635850109137453
2.07 -1.0036741383765522 2.05467715650687 0.6358290299804694
2.08 -1.003674401531483 2.054996321420405 0.6358080246721087
2.09 -1.0036746608757852 2.0553118477266095 0.6357870909158398
2.1 -1.0036749164803545 2.0556238510664517 0.6357662264243821
2.11 -1.0036751684144225 2.0559324524219846 0.6357454289155368
2.12 -1.0036754167456032 2.0562377793249254 0.6357246961073916
2.13 -1.00367566153993 2.0565399674918705 0.635704025712565
2.14 -1.0036759028619056 2.0568391629155527 0.6356834154313187
2.15 -1.0036761407745383 2.0571355241128613 0.635662862943155
2.16 -1.003676375339379 2.0574292255144173 0.63564236589642
2.17 -1.0036766066165572 2.05772046123742 0.63562192189529
2.18 -1.0036768346648162 2.058009450312907 0.6356015284832367
2.19 -1.0036770595415418 2.058296443323765 0.6355811831216935
2.2 -1.0036772813027874 2.058581731591137 0.6355608831621354
2.21 -1.003677500003298 2.0588656584052814 0.6355406258089795
2.22 -1.0036777156965238 2.0591486359920244 0.6355204080694317
2.23 -1.0036779284346238 2.059431167359493 0.6355002266843988
2.24 -1.0036781382684596 2.0597138780606103 0.6354800780315389
2.25 -1.0036783452475593 2.0599975621601265 0.6354599579861383
2.2600000000000002 -1.0036785494200506 2.0602832493171577 0.6354398617164961
2.27 -1.0036787508325253 2.0605723074490196 0.6354197833746935
2.2800000000000002 -1.003678949529792 2.0608666034531122 0.635399715614179
2.29 -1.0036791455544236 2.0611687649083 0.6353796488089467
2.3000000000000003 -1.003679338945871 2.0614826259761903 0.635359569732642
2.31 -1.0036795297386953 2.0618140119184587 0.6353394592566115
2.32 -1.003679717958886 2.0621723202144273 0.635319287728944
2.33 -1.0036799036145825 2.0625736210957535 0.6352990061225297
2.34 -1.0036800866722018 2.063048100112845 0.6352785249922547
2.35 -1.0036802669788287 2.0636598582820147 0.6352576600537052
2.36 -1.0036804439385216 2.0645733170857112 0.6352359568100078
2.37 -1.0036806143664452 2.066375936705533 0.6352119026865728
2.38 -1.0036807262575091 2.073891494188965 0.635175964890477
2.39 -1.0036808453461123 2.04867685080806 0.6352433843892639
2.4 -1.0036811278600184 2.058617930677306 0.6351800130017472
2.41 -1.003681302620627 2.0606035457354337 0.6351539137970316
2.42 -1.0036814698095666 2.0615551675648587 0.6351317277654422
2.43 -1.0036816337264483 2.062168825574141 0.6351107530313597
2.44 -1.003681795173423 2.062629409006891 0.6350903117758577
2.45 -1.0036819544070728 2.06300710510473 0.63507015338012
2.46 -1.0036821115439452 2.063334416015821 0.6350501631161383
2.47 -1.003682266653107 2.063628466810431 0.6350302805748679
2.48 -1.0036824197842018 2.063899144110457 0.6350104705489633
2.49 -1.0036825709777086 2.064152560560956 0.6349907108299372
2.5 -1.003682720269228 2.064392702849287 0.6349709864690162
2.5100000000000002 -1.00368286769147 2.064622285926334 0.6349512868314463
2.52 -1.0036830132752568 2.0648432252028526 0.6349316039769529
2.5300000000000002 -1.0036831570500597 2.065056913292276 0.6349119317183832
2.54 -1.003683299044307 2.0652643890163667 0.634892265048748
2.5500000000000003 -1.0036834392855716 2.0654664448460576 0.6348725997786587
2.56 -1.0036835778006898 2.065663697203925 0.6348529322992027
2.57 -1.003683714615839 2.0658566340961704 0.6348332594222965
2.58 -1.003683849756593 2.0660456478807543 0.6348135782704715
2.59 -1.003683983247961 2.066231058729369 0.6347938861990314
2.6 -1.0036841151144213 2.066413130945064 0.6347741807400434
2.61 -1.0036842453799426 2.066592085740265 0.6347544595611692
2.62 -1.0036843740680035 2.0667681098075525 0.6347347204350836
2.63 -1.0036845012016136 2.0669413626021127 0.6347149612162287
2.64 -1.003684626803322 2.0671119814777343 0.634695179823016
2.65 -1.0036847508952362 2.067280085478634 0.6346753742238909
2.66 -1.0036848734970252 2.067445810535612 0.6346555425807754
2.67 -1.0036849946359545 2.0676091531274228 0.6346356824728345
2.68 -1.0036851143268535 2.067770290590549 0.6346157924193345
2.69 -1.0036852325921628 2.0679292632017114 0.6345958703492364
2.7 -1.0036853494519278 2.0680861359936675 0.634575914355987
2.71 -1.0036854649258085 2.068240967326463 0.6345559225429082
2.72 -1.0036855790330852 2.0683938097652046 0.6345358930198592
2.73 -1.0036856917926693 2.0685447110816995 0.6345158239006695
2.74 -1.0036858032231084 2.0686937142145703 0.6344957133009659
2.75 -1.0036859133425913 2.0688408582922166 0.6344755593363932
2.7600000000000002 -1.0036860221689556 2.0689861787525214 0.6344553601211688
2.77 -1.003686129719693 2.0691297074404438 0.634435113766933
2.7800000000000002 -1.0036862360119523 2.069271473263344 0.6344148183818477
2.79 -1.0036863410625454 2.0694115019025223 0.6343944720699379
2.8000000000000003 -1.0036864448879492 2.0695498163843515 0.6343740729307413
2.81 -1.0036865475043104 2.069686436555632 0.6343536190591245
2.82 -1.0036866489274454 2.069821379922349 0.6343331085454517
2.83 -1.0036867491728423 2.069954660845067 0.63431253947599
2.84 -1.00368684825566 2.070086290877122 0.6342919099336566
2.85 -1.003686946190728 2.0702162785648315 0.6342712179991822
2.86 -1.0036870429925413 2.070344629481638 0.6342504617526344
2.87 -1.0036871386752564 2.0704713456096284 0.6342296392755544
2.88 -1.003687233252685 2.0705964255389864 0.6342087486536275
2.89 -1.0036873267382793 2.0707198635821444 0.6341877879802095
2.9 -1.0036874191451244 2.070841649911486 0.6341667553607006
2.91 -1.0036875104859124 2.0709617696044536 0.6341456489181306
2.92 -1.0036876007729234 2.0710802021876322 0.6341244668001719
2.93 -1.0036876900179903 2.071196920725613 0.6341032071879802
2.94 -1.003687778232458 2.071311890867765 0.6340818683072967
2.95 -1.0036878654271293 2.0714250697127827 0.6340604484426252
2.96 -1.0036879516121955 2.0715364039683832 0.6340389459551125
2.97 -1.0036880367971392 2.071645828482861 0.6340173593055016
2.98 -1.0036881209906183 2.0717532636892697 0.6339956870837001
2.99 -1.0036882042002988 2.0718586123592364 0.6339739280470889
3.0 -1.0036882864326389 2.071961756147075 0.6339520811707984
3.0100000000000002 -1.0036883676925945 2.0720625503559456 0.6339301457142017
3.02 -1.003688447983213 2.0721608180017355 0.6339081213099753
3.0300000000000002 -1.0036885273050735 2.072256340677309 0.6338860080849866
3.04 -1.0036886056554852 2.0723488480108063 0.6338638068267031
3.0500000000000003 -1.0036886830273506 2.0724380023720945 0.6338415192162073
3.06 -1.003688759407487 2.0725233781110357 0.6338191481605713
3.0700000000000003 -1.0036888347741202 2.072604433024201 0.6337966982760825
3.08 -1.0036889090930243 2.0726804676982375 0.6337741766103442
3.09 -1.003688982311436 2.0727505671532978 0.6337515937454723
3.1 -1.0036890543480974 2.0728135169785102 0.6337289655402382
3.11 -1.003689125076277 2.072867687926428 0.6337063159704255
3.12 -1.0036891942924238 2.0729109588708026 0.6336836819104877
3.13 -1.0036892614970885 2.0729455641676924 0.6336611291223011
3.14 -1.0036893266315017 2.0729451387109514 0.6336387442395716
3.15 -1.0036893881484736 2.072927036912627 0.6336166999644567
3.16 -1.0036894441223323 2.07286807374254 0.6335953263270209
3.17 -1.0036894899605289 2.072746198267736 0.6335753025060102
3.18 -1.0036895137475748 2.0725187226185713 0.6335582921544067
3.19 -1.0036894761270143 2.0720967174730616 0.6335494457838724
3.2 -1.0036891757090352 2.0713064289497303 0.6335732437126947
3.21 -1.003685254152983 2.0727446425655174 0.6340010037930809
3.22 -1.0036828053662936 2.106630366062759 0.6340378392775614
3.23 -1.0036892774012842 2.0811167014289667 0.6334452148812747
3.24 -1.0036897779510918 2.0782111603595816 0.6333894824734788
3.25 -1.0036899567222013 2.0772039340981268 0.6333579619213849
3.2600000000000002 -1.00369006543271 2.076731689754361 0.6333306880157082
3.27 -1.0036901498932875 2.0764815223487894 0.6333044570255587
3.2800000000000002 -1.0036902235080598 2.0763440469168963 0.6332784484214153
3.29 -1.003690291351606 2.076271308698292 0.6332523931584153
3.3000000000000003 -1.003690355691088 2.0762390285532417 0.6332261880951123
3.31 -1.0036904176650043 2.0762336173134495 0.6331997888643439
3.3200000000000003 -1.0036904778975584 2.076246884439492 0.6331731742774116
3.33 -1.0036905367554787 2.076273603840758 0.6331463329308564
3.34 -1.0036905944667451 2.0763102867984387 0.6331192576944642
3.35 -1.0036906511800066 2.076354517289401 0.6330919432899894
3.36 -1.003690706996275 2.076404570593637 0.6330643851773972
3.37 -1.0036907619867554 2.0764591837991686 0.6330365790272329
3.38 -1.003690816203334 2.0765174119320613 0.633008520467586
3.39 -1.0036908696849844 2.076578534752706 0.6329802049636156
3.4 -1.0036909224618127 2.0766419944343038 0.6329516277623518
3.41 -1.003690974557688 2.0767073527039526 0.6329227838697133
3.42 -1.0036910259919927 2.0767742616555798 0.6328936680431559
3.43 -1.0036910767808196 2.076842441392086 0.6328642747914679
3.44 -1.0036911269378002 2.0769116652698796 0.6328345983774388
3.45 -1.0036911764746936 2.0769817481826447 0.6328046328211644
3.46 -1.0036912254018118 2.077052537750044 0.6327743719029048
3.47 -1.003691273728326 2.0771239078322967 0.6327438091650559
3.48 -1.0036913214624983 2.077195753817939 0.6327129379128144
3.49 -1.0036913686118538 2.0772679882382885 0.6326817512140563
3.5 -1.0036914151833098 2.0773405380029306 0.6326502418975929
3.5100000000000002 -1.0036914611832748 2.077413341808021 0.6326184025506995
3.52 -1.0036915066177279 2.0774863481982435 0.6325862255155186
3.5300000000000002 -1.0036915514922773 2.077559514137294 0.6325537028845373
3.54 -1.0036915958122092 2.077632803365389 0.6325208264952159
3.5500000000000003 -1.003691639582524 2.0777061859504338 0.6324875879237816
3.56 -1.0036916828079672 2.0777796368488413 0.6324539784782858
3.5700000000000003 -1.0036917254930506 2.0778531354879624 0.6324199891908743
3.58 -1.0036917676420758 2.0779266652510424 0.6323856108094006
3.59 -1.0036918092591456 2.078000212713218 0.6323508337882832
3.6 -1.003691850348179 2.078073767363241 0.6323156482787136
3.61 -1.0036918909129198 2.0781473214559725 0.6322800441181521
3.62 -1.003691930956944 2.078220869472863 0.632244010819132
3.63 -1.003691970483669 2.0782944077898566 0.6322075375573686
3.64 -1.0036920094963546 2.0783679348383566 0.6321706131591303
3.65 -1.0036920479981102 2.078441450488932 0.6321332260878634
3.66 -1.0036920859918945 2.0785149563354923 0.6320953644300963
3.67 -1.003692123480521 2.0785884551757308 0.6320570158804802
3.68 -1.0036921604666547 2.078661951291441 0.6320181677260566
3.69 -1.0036921969528176 2.0787354498186534 0.6319788068296341
3.7 -1.0036922329413864 2.078808957188374 0.6319389196122908
3.71 -1.00369226843459 2.0788824808140127 0.6318984920348822
3.72 -1.0036923034345098 2.0789560289260014 0.6318575095786659
3.73 -1.0036923379430804 2.0790296108691995 0.6318159572248347
3.74 -1.0036923719620838 2.0791032363986917 0.6317738194331524
3.75 -1.0036924054931493 2.079176916117827 0.6317310801197581
3.7600000000000002 -1.0036924385377495 2.079250660522463 0.6316877226349645
3.77 -1.0036924710971922 2.0793244789112557 0.6316437297445644
3.7800000000000002 -1.003692503172606 2.0793983709518598 0.6315990836394454
3.79 -1.0036925347643544 2.079472194406659 0.6315537665469083
3.8000000000000003 -1.0036925658750304 2.0795468318886177 0.6315077553224003
3.81 -1.0036925965039156 2.0796210138714435 0.6314610357391907
3.8200000000000003 -1.0036926266514503 2.0796954403983134 0.6314135842076077
3.83 -1.003692656318092 2.079770055623362 0.631365379581703
3.84 -1.003692685503914 2.079844868078345 0.6313163996473384
3.85 -1.003692714208776 2.0799198942740054 0.6312666213047529
3.86 -1.0036927424323216 2.0799951531315912 0.6312160205480419
3.87 -1.0036927701739733 2.0800706650757603 0.6311645724253343
3.88 -1.0036927974329224 2.0801464517263457 0.631112250993045
3.89 -1.0036928242081191 2.080222535723521 0.6310590292664356
3.9 -1.0036928504982618 2.0802989407000854 0.6310048791667794
3.91 -1.0036928763017838 2.0803756914940092 0.6309497714651611
3.92 -1.0036929016168434 2.0804528137789084 0.630893675722624
3.93 -1.003692926441303 2.08053033459943 0.6308365602266374
3.94 -1.0036929507727255 2.0806082819837224 0.6307783919233341
3.95 -1.0036929746083443 2.080686685207845 0.6307191363454934
3.96 -1.0036929979450566 2.0807655749506697 0.6306587575357593
3.97 -1.0036930207793984 2.0808449830337663 0.6305972179648004
3.98 -1.0036930431075257 2.0809249427770498 0.6305344784440294
3.99 -1.0036930649251918 2.081005489111986 0.630470498032361
4.0 -1.0036930862277151 2.081086657327438 0.6304052339401222
4.01 -1.0036931070099921 2.081168487759345 0.6303386414075486
4.0200000000000005 -1.0036931272663887 2.081251018197947 0.6302706736188213
4.03 -1.003693146990792 2.081334290783225 0.6302012815544341
4.04 -1.0036931661765314 2.0814183490920173 0.6301304138724899
4.05 -1.0036931848163568 2.0815032385730388 0.6300580167667025
4.0600000000000005 -1.0036932029023908 2.0815890072502623 0.6299840338161548
4.07 -1.0036932204260927 2.0816757050763695 0.6299084058240021
4.08 -1.003693237378208 2.081763384787658 0.6298310706440593
4.09 -1.0036932537487149 2.081852101699614 0.629751962994255
4.1 -1.0036932695267724 2.0819419137887687 0.6296710142557246
4.11 -1.0036932847006563 2.082032882268723 0.6295881522562636
4.12 -1.0036932992576926 2.082125071402591 0.6295033010367206
4.13 -1.003693313184183 2.0822185490970244 0.6294163805986774
4.14 -1.0036933264653256 2.0823133866125234 0.6293273066317218
4.15 -1.0036933390851255 2.0824096594940644 0.629235990218283
4.16 -1.0036933510262984 2.0825074473212837 0.6291423375139389
4.17 -1.003693362270162 2.082606834333909 0.6290462494006664
4.18 -1.0036933727965207 2.0827079095216963 0.6289476211104293
4.19 -1.003693382583532 2.082810767249168 0.6288463418160705
4.2 -1.0036933916075657 2.0829155074269043 0.6287422941860679
4.21 -1.003693399843044 2.0830222361748554 0.6286353538995267
4.22 -1.003693407262266 2.0831310662055946 0.6285253891170385
4.23 -1.0036934138352114 2.0832421172630275 0.6284122599027815
4.24 -1.0036934195293248 2.0833555168784645 0.6282958175924177
4.25 -1.003693424309273 2.0834714010598963 0.6281759041009147
4.26 -1.0036934281366785 2.083589914638528 0.6280523511633079
4.2700000000000005 -1.0036934309698156 2.083711212518852 0.6279249795009243
4.28 -1.0036934327632792 2.0838354603438085 0.6277935979042197
4.29 -1.003693433467603 2.083962835447043 0.6276580022224084
4.3 -1.003693433028842 2.0840935279239234 0.6275179742485966
4.3100000000000005 -1.0036934313880945 2.084227742050302 0.6273732804876706
4.32 -1.003693428480969 2.08436569728781 0.6272236707921429
4.33 -1.0036934242369768 2.0845076300916507 0.6270688768492949
4.34 -1.0036934185788504 2.0846537954477773 0.6269086105002494
4.3500000000000005 -1.0036934114217666 2.0848044687135308 0.6267425618687763
4.36 -1.0036934026724647 2.0849599481067176 0.626570397274243
4.37 -1.0036933922282412 2.08512055647742 0.6263917568990739
4.38 -1.0036933799758012 2.0852866448489213 0.626206252176233
4.39 -1.0036933657899434 2.0854585948212914 0.6260134628568591
4.4 -1.0036933495320512 2.0856368225968507 0.6258129337112385
4.41 -1.0036933310483496 2.085821782822645 0.6256041708084956
4.42 -1.0036933101679015 2.0860139732957887 0.6253866373108424
4.43 -1.0036932867002746 2.0862139403929376 0.6251597487066808
4.44 -1.0036932604328417 2.0864222853089447 0.624922867393246
4.45 -1.0036932311276217 2.086639670972942 0.6246752965025698
4.46 -1.0036931985175928 2.0868668309169287 0.6244162728444463
4.47 -1.0036931623023544 2.0871045787414317 0.6241449588151984
4.48 -1.003693122143021 2.087353820076675 0.6238604330907034
4.49 -1.0036930776561703 2.0876155658079507 0.6235616798847066
4.5 -1.003693028406658 2.087890948924163 0.6232475765070068
4.51 -1.0036929738990326 2.0881812436208826 0.6229168788983676
4.5200000000000005 -1.0036929135672472 2.088487889260401 0.6225682047465283
4.53 -1.003692846762245 2.088812518596007 0.6222000136964592
4.54 -1.0036927727369334 2.0891569930181437 0.6218105840521251
4.55 -1.0036926906278643 2.089523445401317 0.621397985218898
4.5600000000000005 -1.0036925994327526 2.089914332845045 0.6209600449597376
4.57 -1.0036924979829962 2.0903325092784972 0.6204943101834194
4.58 -1.0036923849089114 2.090781301765763 0.6199980000199584
4.59 -1.0036922585971753 2.0912646301410995 0.6194679488121111
4.6000000000000005 -1.0036921171364876 2.091787148681771 0.6189005369236096
4.61 -1.003691958248789 2.0923544441874133 0.61829160581802
4.62 -1.0036917792005597 2.0929733400404262 0.617636352956581
4.63 -1.0036914479035375 2.0948854380784034 0.6169412330970282
4.64 -1.0036913467009938 2.0944001791884266 0.6161636443361701
4.65 -1.0036910842920594 2.0952323824066195 0.6153320048241169
4.66 -1.0036907833414472 2.096165076847795 0.614425209589456
4.67 -1.0036904361740597 2.0972217463465124 0.6134324052953035
4.68 -1.0036900330212053 2.098436795968519 0.612340484077069
4.69 -1.003689561057566 2.099871762978113 0.6111333580779513
4.7 -1.003688998397398 2.1017707742087035 0.6097901616260758
4.71 -1.0036883232242615 2.102734761407676 0.6083043654530452
4.72 -1.0036875463053196 2.105460942456176 0.6066070718447334
4.73 -1.0036865743709091 2.108558306513554 0.60468616431707
4.74 -1.0036853652433984 2.112647329589496 0.6024814276835521
4.75 -1.0036838232362957 2.118527828434964 0.5999158531277027
4.76 -1.0036817660253046 2.128095656148671 0.596870590517422
4.7700000000000005 -1.0036786828072024 2.147569125121574 0.5931209392919345
4.78 -1.0036706943573186 2.216448142425693 0.5879843998712134
4.79 -1.0035284073219086 2.0228291331281563 0.6142637218391943
4.8 -1.0036635657595638 2.0395743228702807 0.5818555567579621
4.8100000000000005 -1.0036569681348717 2.069123747950642 0.5729678112066764
4.82 -1.0036437246561014 2.08264163915539 0.5624200617369423
4.83 -1.0036207392120602 2.0911774512721824 0.5482713862515323
4.84 -1.0035771163252034 2.0968752147239638 0.5278461389683995
4.8500000000000005 -1.0034792271873758 2.097846254858763 0.4958153444492931
4.86 -1.0031830769990395 2.0797332580926913 0.44061226015485766
4.87 -1.0014916103923186 1.917708886512064 0.36973091757327936
4.88 -0.9963891409148904 2.243644294284537 2.21476566255518
4.89 -1.0027322438604165 3.609532137371445 1.0758155065762487
4.9 -1.0033741601666224 2.0208822821261956 0.8669998526797842
4.91 -1.0035381299775294 1.9470398269185445 0.790403525091351
4.92 -1.0036024030340036 1.9795025944095674 0.7514395603585404
4.93 -1.0036339246159918 2.001712571840367 0.7279818157119482
4.94 -1.0036516599027945 2.0162453998178163 0.7123460419425238
4.95 -1.0036626091284224 2.026274660774568 0.7011906759611268
4.96 -1.0036698369085628 2.0335577270850074 0.6928356357789305
4.97 -1.0036748555960338 2.039069441054762 0.686345804160659
4.98 -1.0036784809470607 2.043380099374087 0.681159999652747
4.99 -1.00368118431126 2.046841771286215 0.6769213147070039
5.0 -1.0036832533927145 2.049682280432698 0.6733920356365503
5.01 -1.0036848718449465 2.0520550735296594 0.6704077719803725
5.0200000000000005 -1.0036861613544772 2.054067074365578 0.6678512360626975
5.03 -1.003687205131476 2.0557949802569593 0.6656365141377756
5.04 -1.0036880616336703 2.0572951957453784 0.6636992411166539
5.05 -1.0036887729021824 2.0586101081735997 0.6619902475996157
5.0600000000000005 -1.0036893697975389 2.059772178050945 0.6604713280233138
5.07 -1.003689875386352 2.0608066805545313 0.659112347684047
5.08 -1.0036903071890606 2.061733588021619 0.6578892194334857
5.09 -1.0036906787062831 2.062568891055073 0.6567824597230701
5.1000000000000005 -1.0036910004767081 2.0633255440991674 0.655776139351974
5.11 -1.0036912808239093 2.064014153662693 0.6548571085756972
5.12 -1.0036915263923702 2.0646434880673117 0.65401441640144
5.13 -1.003691742538087 2.06522085916342 0.6532388695904433
5.14 -1.0036919336171275 2.0657524135232994 0.6525226936775057
5.15 -1.0036921032015251 2.0662433561471367 0.651859269503725
5.16 -1.003692254242685 2.0666981241891573 0.651242926344369
5.17 -1.0036923891963965 2.06712052389669 0.6506687779421164
5.18 -1.0036925101194225 2.0675138391310064 0.6501325914128648
5.19 -1.003692618744824 2.067880918360488 0.6496306815854951
5.2 -1.0036927165411982 2.068224244532208 0.6491598251999751
5.21 -1.0036928047596485 2.0685459919068907 0.6487171907424617
5.22 -1.0036928844712973 2.0688480729557552 0.6483002806912432
5.23 -1.0036929565974653 2.0691321765902178 0.6479068836860353
5.24 -1.0036930219341043 2.069399799887739 0.6475350346871492
5.25 -1.0036930811717046 2.069652274805019 0.6471829816097476
5.26 -1.0036931349116112 2.069890790184775 0.6468491572379836
5.2700000000000005 -1.0036931836794638 2.070116410683761 0.6465321554694073
5.28 -1.0036932279363353 2.0703300925548223 0.6462307111303602
5.29 -1.003693268088 2.0705326972220846 0.6459436827514095
5.3 -1.0036933044926877 2.070725002457586 0.6456700378085712
5.3100000000000005 -1.0036933374675974 2.0709077127777604 0.6454088400280772
5.32 -1.0036933672943893 2.0710814675135536 0.645159238425815
5.33 -1.0036933942238448 2.0712468483767883 0.6449204578109632
5.34 -1.0036934184798196 2.071404384781047 0.6446917905334595
5.3500000000000005 -1.0036934402626319 2.07155456335286 0.6444725892746641
5.36 -1.0036934597519342 2.0716978262542534 0.6442622607661842
5.37 -1.0036934771092256 2.0718345807558647 0.6440602602510154
5.38 -1.0036934924799779 2.071965200835491 0.6438660866282027
5.39 -1.0036935059954972 2.0720900308775136 0.6436792781641216
5.4 -1.00369351777453 2.0722093882831536 0.6434994087001283
5.41 -1.0036935279246608 2.0723235661829085 0.6433260842903121
5.42 -1.003693536543532 2.0724328359333253 0.6431589402134608
5.43 -1.0036935437199117 2.0725374487554036 0.6429976383115799
5.44 -1.0036935495346282 2.072637637772036 0.6428418646140401
5.45 -1.003693554061391 2.0727336194883295 0.6426913272122223
5.46 -1.0036935573675168 2.07282559547359 0.6425457543543863
5.47 -1.0036935595145655 2.0729137532833626 0.6424048927346113
5.48 -1.0036935605589095 2.07299826788375 0.6422685059530989
5.49 -1.0036935605522306 2.073079302568312 0.6421363731281494
5.5 -1.0036935595419691 2.073157010181154 0.642008287642703
5.51 -1.0036935575717185 2.0732315334709592 0.6418840560104061
5.5200000000000005 -1.0036935546815793 2.0733030063787234 0.6417634968481654
5.53 -1.0036935509084737 2.073371554357129 0.6416464399436774
5.54 -1.0036935462864336 2.0734372952726843 0.6415327254078492
5.55 -1.0036935408468448 2.0735003397504537 0.6414222029032282
5.5600000000000005 -1.003693534618684 2.073560791892095 0.6413147309406168
5.57 -1.0036935276287187 2.07361874968021 0.6412101762369387
5.58 -1.0036935199016919 2.0736743055041846 0.6411084131282201
5.59 -1.003693511460491 2.073727546291462 0.6410093230322162
5.6000000000000005 -1.003693502326295 2.073778554174369 0.6409127939559286
5.61 -1.0036934925187122 2.073827406982131 0.640818720043594
5.62 -1.0036934820559054 2.0738741778732064 0.640727001161393
5.63 -1.0036934709546999 2.0739189363496995 0.6406375425154073
5.64 -1.0036934592306888 2.073961748222999 0.6405502542996625
5.65 -1.0036934468983219 2.074002675859902 0.6404650513715535
5.66 -1.0036934339709942 2.074041778840471 0.6403818529518454
5.67 -1.0036934204611172 2.074079114069072 0.6403005823461354
5.68 -1.0036934063801939 2.074114738116877 0.6402211666812091
5.69 -1.0036933917388537 2.074148719730465 0.6401435366087248
5.7 -1.00369337654316 2.0741804059621662 0.6400676301723455
5.71 -1.0036933608138454 2.0742116867457607 0.6399933741151174
5.72 -1.0036933445477354 2.074240939689289 0.6399207183765139
5.73 -1.0036933277564888 2.0742686889630093 0.6398496031700032
5.74 -1.0036933104473322 2.0742949858818394 0.6397799741549651
5.75 -1.0036932926269222 2.0743198708492145 0.639711779530275
5.76 -1.0036932743013856 2.0743433808300393 0.6396449698533727
5.7700000000000005 -1.0036932554763565 2.074365550678953 0.6395794979021006
5.78 -1.003693236157006 2.074386413622386 0.6395153185498318
5.79 -1.0036932163480698 2.0744060013562486 0.6394523886497155
5.8 -1.0036931960538713 2.074424344244999 0.6393906669268977
5.8100000000000005 -1.003693175278348 2.0744414714683512 0.6393301138775851
5.82 -1.0036931540250695 2.0744574109467293 0.63927069167489
5.83 -1.0036931322972604 2.0744721896005287 0.6392123640804322
5.84 -1.003693110097817 2.074485833372668 0.6391550963616155
5.8500000000000005 -1.0036930874293255 2.0744983671905053 0.6390988552140021
5.86 -1.0036930642940751 2.0745098152172834 0.6390436086884639
5.87 -1.003693040694076 2.0745202007984163 0.638989326122798
5.88 -1.0036930166310691 2.074529546522541 0.6389359780774528
5.89 -1.003692992106541 2.0745378743984317 0.638883536275089
5.9 -1.0036929671217343 2.07454520582557 0.6388319735437431
5.91 -1.0036929416776585 2.074551561616326 0.6387812637633506
5.92 -1.0036929157750987 2.0745569622755164 0.6387313818153387
5.93 -1.0036928894146255 2.074561427714643 0.6386823035351948
5.94 -1.003692862596601 2.074564977628951 0.63863400566774
5.95 -1.00369283532119 2.0745676315543515 0.6385864658249685
5.96 -1.0036928075883633 2.0745694086265574 0.6385396624462707
5.97 -1.0036927793979036 2.074570328079494 0.6384935747609447
5.98 -1.0036927507494129 2.0745704091173383 0.6384481827528116
5.99 -1.0036927216423168 2.0745696707817873 0.6384034671268125
6.0 -1.0036926920758664 2.0745681326312386 0.6383594092775582
6.01 -1.0036926620491435 2.0745658141104255 0.6383159912595567
6.0200000000000005 -1.0036926315610641 2.0745627355084664 0.6382731957592822
6.03 -1.0036926006103761 2.074558917191855 0.6382310060687225
6.04 -1.003692569195665 2.0745543804520508 0.638189406060585
6.05 -1.003692537315353 2.074549147240546 0.6381483801649338
6.0600000000000005 -1.003692504967697 2.0745432407022024 0.6381079133472889
6.07 -1.003692472150787 2.0745366850316143 0.6380679910881185
6.08 -1.0036924388625434 2.074529505893914 0.6380285993637478
6.09 -1.003692405100714 2.074521730779749 0.6379897246286214
6.1000000000000005 -1.003692370862864 2.074513389076468 0.6379513537989668
6.11 -1.0036923361463732 2.074504512781854 0.6379134742378767
6.12 -1.0036923009484189 2.0744951365835145 0.6378760737418927
6.13 -1.0036922652659663 2.0744852987539146 0.6378391405292065
6.140000000000001 -1.0036922290957535 2.0744750412985424 0.6378026632293197
6.15 -1.0036921924342572 2.0744644114012765 0.6377666308752237
6.16 -1.0036921552776765 2.074453461588778 0.637731032896987
6.17 -1.0036921176218907 2.074442251317766 0.6376958591183854
6.18 -1.0036920794624111 2.0744308483835883 0.6376610997563756
6.19 -1.0036920407943246 2.07441933012578 0.6376267454242394
6.2 -1.0036920016122086 2.0744077862773675 0.6375927871392494
6.21 -1.0036919619100366 2.074396320879347 0.6375592163361085
6.22 -1.0036919216810365 2.074385056523772 0.6375260248876929
6.23 -1.0036918809175102 2.0743741388564527 0.6374932051352465
6.24 -1.0036918396105938 2.0743637429617876 0.6374607499306182
6.25 -1.003691797749909 2.074354084993861 0.6374286526923185
6.26 -1.0036917553230407 2.07434544721599 0.6373969074685941
6.2700000000000005 -1.0036917123141738 2.0743383000038964 0.6373655089133745
6.28 -1.0036916664109488 2.0743718881048023 0.6373346335553636
6.29 -1.0036916244778755 2.0743274295286596 0.637303741461811
6.3 -1.003691579597632 2.0743268052901866 0.6372733640307149
6.3100000000000005 -1.0036915340237482 2.074329483512659 0.637243326702761
6.32 -1.0036914877029224 2.074336680686073 0.6372136328289697
6.33 -1.0036914405587016 2.074349843105973 0.6371842904980942
6.34 -1.0036913924795452 2.0743709365180734 0.637155314372055
6.3500000000000005 -1.0036913432965375 2.0744027497615996 0.6371267293272079
6.36 -1.003691292742324 2.0744493900463836 0.6370985769909093
6.37 -1.0036912403710383 2.074517171240108 0.6370709280649943
6.38 -1.0036911853903796 2.0746163242211635 0.6370439072515314
6.390000000000001 -1.003691126275573 2.0747645793951834 0.6370177484095201
6.4 -1.0036910597692075 2.0749955360619876 0.6369929318134844
6.41 -1.0036909778312273 2.0753813474542206 0.6369705851815926
6.42 -1.003690855829387 2.0761092116817204 0.6369539663009066
6.43 -1.0036905846074327 2.077851840732392 0.6369565623752169
6.44 -1.0036890339640867 2.0857424188271163 0.6371068189040393
6.45 -1.0036567602532416 2.1190987285445915 0.6400538646705267
6.46 -1.0036899325245532 2.0700251528263314 0.6368706080020523
6.47 -1.0036904912059819 2.0709544884417834 0.6367980126048671
6.48 -1.0036905722798366 2.0714973006622657 0.6367639224318312
6.49 -1.003690567882063 2.07180753172104 0.6367358323555435
6.5 -1.0036905364169502 2.071996527830837 0.6367094447625451
6.51 -1.0036904934669382 2.07211594125559 0.6366837454328739
6.5200000000000005 -1.0036904446108301 2.072191900820627 0.6366584155255475
6.53 -1.003690392244385 2.0722388711353976 0.636633335568439
6.54 -1.003690337532725 2.07226546613023 0.6366084549075511
6.55 -1.0036902810959567 2.072277122084121 0.6365837497753131
6.5600000000000005 -1.0036902232872003 2.0722774340958536 0.6365592078473815
6.57 -1.0036901643181573 2.072268872575719 0.6365348219652013
6.58 -1.0036901043207862 2.0722531899922747 0.6365105873920737
6.59 -1.0036900433797087 2.072231663086569 0.636486500548228
6.6000000000000005 -1.0036899815502047 2.072205243808675 0.6364625584057224
6.61 -1.0036899188686899 2.072174656054328 0.6364387581925715
6.62 -1.0036898553590494 2.0721404597595443 0.6364150972472368
6.63 -1.0036897910366094 2.072103094750876 0.636391572948312
6.640000000000001 -1.0036897259106956 2.0720629112575546 0.6363681826822644
6.65 -1.0036896599863305 2.072020191261217 0.6363449238305227
6.66 -1.0036895932653795 2.0719751649624434 0.636321793765836
6.67 -1.0036895257473117 2.071928025907179 0.6362987898470864
6.68 -1.003689457429914 2.071878902266727 0.6362759095048609
6.69 -1.0036893883094415 2.0718279694002653 0.6362531499919538
6.7 -1.003689318381044 2.0717753130453533 0.6362305087506095
6.71 -1.0036892476390238 2.071721030194907 0.6362079831520624
6.72 -1.0036891760769227 2.0716652016160566 0.6361855705898589
6.73 -1.0036891036876605 2.071607896454682 0.636163268474088
6.74 -1.0036890304636237 2.0715491750605204 0.6361410742329712
6.75 -1.0036889563967395 2.071489090065417 0.6361189853144714
6.76 -1.0036888814785236 2.0714276879936357 0.6360969991875715
6.7700000000000005 -1.0036888057001256 2.0713650102044583 0.636075113343149
6.78 -1.003688729052358 2.0713010939286147 0.6360533252945672
6.79 -1.003688651525724 2.07123597316349 0.6360316325778969
6.8 -1.0036885731104335 2.071169679290598 0.636010032751939
6.8100000000000005 -1.0036884937964197 2.0711022415160585 0.6359885233979258
6.82 -1.0036884135733497 2.0710336879056683 0.6359671021190488
6.83 -1.0036883324306352 2.0709640453831963 0.6359457665397531
6.84 -1.0036882503574338 2.0708933407371806 0.6359245143047909
6.8500000000000005 -1.0036881673426599 2.0708216008711027 0.6359033430781071
6.86 -1.0036880833749826 2.0707488533972844 0.6358822505414438
6.87 -1.0036879984428304 2.070675127253979 0.6358612343927359
6.88 -1.00368791253439 2.0706004532512208 0.6358402923442122
6.890000000000001 -1.0036878256376058 2.0705248648517784 0.6358194221201764
6.9 -1.003687737740182 2.0704483989159614 0.6357986214543989
6.91 -1.0036876488295767 2.070371096533234 0.6357778880870578
6.92 -1.0036875588930025 2.0702930043510848 0.6357572197610931
6.93 -1.0036874679174212 2.0702141756488226 0.6357366142178681
6.94 -1.0036873758895402 2.0701346720202474 0.6357160691918756
6.95 -1.0036872827958085 2.0700545658402447 0.6356955824034132
6.96 -1.0036871886224201 2.069973939308448 0.6356751515579999
6.97 -1.003687093355286 2.0698928957941183 0.635654774317698
6.98 -1.0036869969800475 2.0698115542398816 0.6356344483120165
6.99 -1.0036868994820616 2.0697300595887542 0.6356141711072085
7.0 -1.0036868008463875 2.069648588770295 0.6355939401896766
7.01 -1.003686701057776 2.0695673590015633 0.6355737529383414
7.0200000000000005 -1.003686600100654 2.0694866403955157 0.6355536065879243
7.03 -1.0036864979590967 2.0694067724221 0.6355334981788003
7.04 -1.0036863946168055 2.0693281870033244 0.6355134244873603
7.05 -1.003686290057056 2.0692514419561094 0.6354933819271212
7.0600000000000005 -1.0036861842626357 2.0691772692576995 0.6354733664050706
7.07 -1.003686077215743 2.0691066474363624 0.6354533731074952
7.08 -1.0036859688978226 2.069040913637443 0.6354333961710625
7.09 -1.0036858592892792 2.0689819425985494 0.6354134281601408
7.1000000000000005 -1.0036857483689794 2.0689324433717817 0.6353934592024127
7.11 -1.0036856361132858 2.0688964790175346 0.6353734754898596
7.12 -1.0036855224940813 2.0688804275966834 0.6353534565254065
7.13 -1.0036854074743604 2.0688948977196366 0.6353333696919076
7.140000000000001 -1.003685290997158 2.0689589231522207 0.6353131585186744
7.15 -1.0036851729533365 2.069110379376344 0.6352927140731819
7.16 -1.0036850530651353 2.0694369344835084 0.635271792288466
7.17 -1.0036849302926691 2.0701978482204297 0.6352497037873781
7.18 -1.003684796831404 2.072645614949429 0.6352234454999836
7.19 -1.0036792531169605 2.1851202801891465 0.6354603968306131
7.2 -1.003684544456551 2.0614101894543633 0.635218721747714
7.21 -1.0036844329457537 2.0642135682098006 0.6351884241153781
7.22 -1.0036843075306847 2.065033035873285 0.6351656544425811
7.23 -1.0036841788377437 2.065371538769665 0.635144567800732
7.24 -1.0036840480719207 2.0655191494151897 0.6351241274487344
7.25 -1.0036839155049764 2.065571133443524 0.6351040037937578
7.26 -1.0036837812125663 2.0655679659516286 0.6350840586480486
7.2700000000000005 -1.003683645211369 2.0655297625070506 0.6350642233535398
7.28 -1.0036835074958737 2.065467645035059 0.6350444595013263
7.29 -1.0036833680507427 2.065388257670931 0.6350247435744211
7.3 -1.003683226855658 2.065295810468943 0.6350050600826203
7.3100000000000005 -1.0036830838874589 2.0651930967184704 0.63498539817329
7.32 -1.0036829391211588 2.0650820396101204 0.6349657498246409
7.33 -1.00368279253047 2.0649640039950112 0.6349461088215229
7.34 -1.0036826440880826 2.0648399824905503 0.6349264701448633
7.3500000000000005 -1.0036824937658197 2.064710712310566 0.6349068295920289
7.36 -1.0036823415347262 2.064576750187609 0.6348871835321674
7.37 -1.003682187365117 2.064438522626211 0.6348675287435631
7.38 -1.0036820312266028 2.064296359973726 0.6348478623025521
7.390000000000001 -1.0036818730881025 2.06415052051682 0.634828181505838
7.4 -1.0036817129178446 2.0640012074515894 0.6348084838149135
7.41 -1.0036815506833647 2.0638485812948306 0.6347887668155678
7.42 -1.0036813863514964 2.063692769072624 0.6347690281878523
7.43 -1.0036812198883647 2.0635338712643527 0.6347492656833466
7.44 -1.0036810512593672 2.0633719668835147 0.6347294771077878
7.45 -1.0036808804291664 2.06320711758071 0.6347096603074716
7.46 -1.0036807073616678 2.063039370809526 0.6346898131585408
7.47 -1.0036805320200073 2.0628687621919393 0.6346699335583321
7.48 -1.0036803543665327 2.0626953173594216 0.6346500194183194
7.49 -1.003680174362783 2.062519054082455 0.6346300686581947
7.5 -1.0036799919694683 2.062339982854742 0.6346100792007963
7.51 -1.0036798071464548 2.0621581087248235 0.6345900489675746
7.5200000000000005 -1.0036796198527356 2.0619734317960496 0.6345699758742752
7.53 -1.0036794300464136 2.061785948862584 0.6345498578263986
7.54 -1.003679237684674 2.061595654339531 0.6345296927135614
7.55 -1.0036790427237607 2.0614025430595633 0.6345094784008951
7.5600000000000005 -1.0036788451189416 2.0612066145793513 0.6344892127122225
7.57 -1.0036786448244512 2.061007886229961 0.6344688933878303
7.58 -1.003678441793332 2.060806436810531 0.6344485179432545
7.59 -1.003678235976368 2.060602642525239 0.6344280829481302
7.6000000000000005 -1.003678027281626 2.060401370127621 0.6344075738650885
7.61 -1.0036778157851989 2.060176997358623 0.6343870648651319
7.62 -1.0036776013364956 2.0599662313742275 0.6343664343884813
7.63 -1.0036773838884976 2.0597501634048165 0.6343457469424102
7.640000000000001 -1.0036771634000796 2.059530609640431 0.6343249921708537
7.65 -1.0036769398175245 2.059307788899816 0.6343041667376715
7.66 -1.0036767130851723 2.0590817368148593 0.6342832680081014
7.67 -1.003676483145958 2.0588524423551617 0.6342622934913829
7.68 -1.0036762499414607 2.0586198774717874 0.6342412407237487
7.69 -1.0036760134118918 2.058384005739132 0.6342201072323035
7.7 -1.0036757734960617 2.0581447864968374 0.6341988905206271
7.71 -1.0036755301313443 2.057902175703396 0.6341775880617204
7.72 -1.0036752832536375 2.057656126986813 0.634156197293811
7.73 -1.0036750327973212 2.057406592093979 0.6341347156174404
7.74 -1.0036747786952172 2.057153520630801 0.6341131403931187
7.75 -1.0036745208785398 2.0568968610801313 0.6340914689392908
7.76 -1.003674259276857 2.056636559845754 0.6340696985304215
7.7700000000000005 -1.0036739938180346 2.056372562155841 0.6340478263951139
7.78 -1.0036737244281944 2.056104811726647 0.6340258497142633
7.79 -1.0036734510316574 2.055833250853691 0.6340037656190901
7.8 -1.003673173550896 2.0555578203921723 0.6339815711890483
7.8100000000000005 -1.003672891906475 2.055278460532314 0.6339592634493216
7.82 -1.003672606016999 2.0549951109671136 0.6339368393671577
7.83 -1.0036723157990455 2.054707713771611 0.6339142958437751
7.84 -1.0036720211670824 2.05441622780548 0.6338916296800395
7.8500000000000005 -1.003671722032335 2.0541208883356634 0.6338688370608095
7.86 -1.003671418308308 2.0538200604461005 0.6338459181748725
7.87 -1.0036711099001534 2.053515910234371 0.6338228645159447
7.88 -1.0036707967136527 2.0532072230541147 0.633799675458824
7.890000000000001 -1.0036704786522188 2.0528940355353 0.6337763472282613
7.9 -1.003670155616503 2.0525762877410427 0.6337528762407012
7.91 -1.0036698275045743 2.0522539070089936 0.6337292588662039
7.92 -1.0036694942118511 2.051926816204504 0.633705491404127
7.930000000000001 -1.0036691556310213 2.0515949354471137 0.6336815700758281
7.94 -1.0036688116519583 2.051258182642415 0.6336574910204853
7.95 -1.0036684621616285 2.050916473635336 0.6336332502916556
7.96 -1.0036681070440014 2.050569722354843 0.6336088438540197
7.97 -1.0036677461799548 2.0502178404865323 0.6335842675801605
7.98 -1.003667379447171 2.0498607378903766 0.6335595172471844
7.99 -1.003667006720039 2.04949832243135 0.6335345885332333
8.0 -1.0036666278695439 2.049130500255694 0.6335094770131413
8.01 -1.0036662427629581 2.0487571953457144 0.6334841781292854
8.02 -1.0036658512647245 2.0483782368129426 0.6334586873505388
8.03 -1.0036654532343363 2.0479936043996 0.6334329997934857
8.040000000000001 -1.003665048528206 2.0476031637380485 0.6334071106414495
8.05 -1.0036646369985491 2.0472068101039147 0.6333810148989016
8.06 -1.0036642184934426 2.0468044355869375 0.6333547074459448
8.07 -1.0036637928566834 2.046395929752387 0.6333281830319523
8.08 -1.003663359927645 2.0459811796126184 0.6333014362705709
8.09 -1.003662919541126 2.0455600695665006 0.6332744616346928
8.1 -1.003662471527194 2.0451324814105067 0.633247253451217
8.11 -1.0036620157110163 2.0446982944136822 0.6332198058954001
8.120000000000001 -1.0036615519127003 2.0442573841199096 0.6331921129868998
8.13 -1.0036610799471033 2.0438096248566557 0.6331641685798843
8.14 -1.0036605996236556 2.043354886815068 0.6331359663615211
8.15 -1.0036601107461687 2.042893037640936 0.6331074998428758
8.16 -1.0036596131126323 2.0424239417385395 0.6330787623529156
8.17 -1.0036591065150036 2.041947460700415 0.6330497470315023
8.18 -1.0036585907389948 2.0414634525432485 0.6330204468221241
8.19 -1.0036580655638423 2.040971772338014 0.6329908544642299
8.2 -1.003657530762072 2.040472271566696 0.6329609624853361
8.21 -1.0036569860992528 2.0399647983836435 0.6329307631926684
8.22 -1.003656431333739 2.0394491973476834 0.632900248664467
8.23 -1.0036558662164006 2.038925309497684 0.6328694107408943
8.24 -1.003655290490344 2.038392972069367 0.6328382410144908
8.25 -1.0036547038906205 2.03785201856093 0.6328067308202194
8.26 -1.0036541061439184 2.0373022786282107 0.6327748712249996
8.27 -1.0036534969682467 2.0367435777674823 0.632742653016783
8.28 -1.0036528760725976 2.036175737585636 0.6327100666930555
8.290000000000001 -1.0036522431566006 2.035598575409996 0.6326771024488387
8.3 -1.0036515979101572 2.0350119043106627 0.6326437501640506
8.31 -1.003650940013061 2.034415533004207 0.6326099993902878
8.32 -1.0036502691345963 2.033809265613582 0.6325758393369285
8.33 -1.00364958493312 2.03319290183145 0.6325412588565285
8.34 -1.0036488870556288 2.032566236446241 0.6325062464295358
8.35 -1.0036481751372983 2.0319290595676995 0.6324707901481356
8.36 -1.0036474488010043 2.0312811562944924 0.6324348776993768
8.370000000000001 -1.0036467076568218 2.0306223065753706 0.6323984963473356
8.38 -1.0036459513014966 2.029952285439507 0.6323616329143977
8.39 -1.003645179317894 2.029270862437252 0.6323242737615491
8.4 -1.0036443912744222 2.028577801615409 0.6322864047676087
8.41 -1.0036435867244222 2.0278728616688704 0.6322480113073671
8.42 -1.0036427652055304 2.0271557955631683 0.6322090782285648
8.43 -1.0036419262390124 2.0264263504027147 0.6321695898275609
8.44 -1.003641069329058 2.0256842673729794 0.6321295298237405
8.45 -1.0036401939620418 2.02492928171285 0.6320888813324528
8.46 -1.0036392996057502 2.0241611222094757 0.6320476268364881
8.47 -1.0036383857085613 2.0233795116524553 0.6320057481558975
8.48 -1.0036374516985926 2.0225841661247808 0.6319632264161681
8.49 -1.0036364969827916 2.0217747952089415 0.6319200420145127
8.5 -1.0036355209459895 2.0209511018263213 0.6318761745842615
8.51 -1.0036345229498982 2.0201127818272866 0.631831602957153
8.52 -1.0036335023320586 2.0192595242420746 0.6317863051234339
8.53 -1.0036324584047243 2.0183910110279757 0.6317402581895672
8.540000000000001 -1.0036313904536964 2.017506916662097 0.631693438333433
8.55 -1.0036302977370832 2.0166069083571343 0.6316458207568261
8.56 -1.0036291794839978 2.0156906458528843 0.6315973796350307
8.57 -1.0036280348931816 2.0147577812705046 0.6315480880633324
8.58 -1.0036268631315524 2.0138079587404736 0.631497918000181
8.59 -1.0036256633326637 2.0128408148037376 0.631446840206821
8.6 -1.0036244345950869 2.0118559779366585 0.6313948241830627
8.61 -1.0036231759806906 2.0108530684430246 0.6313418380989924
8.620000000000001 -1.003621886512824 2.0098316985740454 0.6312878487222485
8.63 -1.0036205651743946 2.0087914722049423 0.6312328213405822
8.64 -1.003619210905831 2.0077319850537942 0.631176719679304
8.65 -1.0036178226029258 2.0066528242442696 0.6311195058132585
8.66 -1.0036163991145441 2.0055535685079864 0.6310611400728924
8.67 -1.0036149392401994 2.004433788267751 0.631001580943947
8.68 -1.0036134417274765 2.0032930452216258 0.6309407849602784
8.69 -1.0036119052692962 2.002130892688309 0.6308787065892629
8.700000000000001 -1.0036103285010076 2.0009468755605915 0.6308152981092028
8.71 -1.003608709997303 1.9997405302425668 0.6307505094780103
8.72 -1.0036070482689265 1.9985113848765828 0.6306842881925971
8.73 -1.0036053417591817 1.99725895938773 0.6306165791380288
8.74 -1.0036035888402022 1.9959827656534412 0.6305473244256956
8.75 -1.0036017878089887 1.9946823075638607 0.6304764632195371
8.76 -1.0035999368831725 1.9933570814921788 0.6304039315492935
8.77 -1.0035980341965047 1.9920065763848913 0.6303296621096318
8.78 -1.0035960777940343 1.9906302741389268 0.6302535840439653
8.790000000000001 -1.003594065626959 1.989227650181569 0.6301756227115247
8.8 -1.0035919955471224 1.987798173610804 0.6300956994362584
8.81 -1.0035898653011222 1.9863413080524837 0.6300137312358303
8.82 -1.0035876725240063 1.9848565121310173 0.629929630528953
8.83 -1.0035854147325216 1.9833432401599038 0.6298433048189666
8.84 -1.0035830893178668 1.9818009431472 0.6297546563514553
8.85 -1.0035806935379243 1.9802290696401548 0.6296635817434442
8.86 -1.0035782245089175 1.9786270668341512 0.6295699715813384
8.870000000000001 -1.0035756791964396 1.9769943817429971 0.6294737099846505
8.88 -1.0035730544058103 1.9753304628216501 0.6293746741319843
8.89 -1.0035703467716903 1.9736347613228526 0.6292727337455879
8.9 -1.0035675527468968 1.9719067330838558 0.6291677505301511
8.91 -1.0035646685903317 1.9701458408160155 0.6290595775611546
8.92 -1.0035616903539637 1.9683515561679672 0.6289480586174531
8.93 -1.0035586138687513 1.9665233623635765 0.6288330274521254
8.94 -1.0035554347294262 1.9646607571009318 0.6287143069949417
8.950000000000001 -1.0035521482780148 1.9627632559364507 0.6285917084788629
8.96 -1.0035487495859827 1.9608303955966615 0.6284650304822559
8.97 -1.0035452334348591 1.9588617386883647 0.6283340578770277
8.98 -1.0035415942951982 1.9568568778710853 0.6281985606720387
8.99 -1.0035378263036958 1.9548154413930452 0.628058292739471
9.0 -1.0035339227084301 1.952742977068193 0.6279130411160788
9.01 -1.0035298784909652 1.9506215678266183 0.6277623709226682
9.02 -1.0035256850382108 1.9484686217859741 0.6276061307052834
9.03 -1.003521335408548 1.9462780980799825 0.6274439434759678
9.040000000000001 -1.0035168216471317 1.9440499079115825 0.6272754581295845
9.05 -1.003512135276912 1.941784047152342 0.6271002963898847
9.06 -1.0035072672559924 1.9394806092596149 0.6269180501913845
9.07 -1.0035022079308258 1.9371397941779958 0.6267282787936476
9.08 -1.0034969469846242 1.9347619393478397 0.6265305053882793
9.09 -1.0034914733803288 1.9323475176610667 0.6263242136340775
9.1 -1.0034857752979784 1.9298971727798693 0.6261088433797118
9.11 -1.00347984006501 1.9274117392737047 0.6258837860841744
9.120000000000001 -1.003473654079062 1.9248922741354666 0.625648379552599
9.13 -1.0034672027187532 1.9223401654400412 0.625401901837678
9.14 -1.00346047026655 1.9197566282327516 0.6251435669088622
9.15 -1.003453439767332 1.9171440681657936 0.6248725093111043
9.16 -1.0034460929394386 1.9145045806523981 0.6245877864069365
9.17 -1.0034384100304474 1.911840945801233 0.6242883602428738
9.18 -1.0034303696652318 1.9091564911099892 0.6239730884066778
9.19 -1.0034219486703442 1.906455359158598 0.6236407092707966
9.200000000000001 -1.0034131216097562 1.9037466853462823 0.6232898215993857
9.21 -1.0034038619890508 1.9010165979374023 0.6229189881368756
9.22 -1.0033941393113117 1.8982957117587174 0.6225262855845297
9.23 -1.003383921106637 1.8955814289676798 0.622109930099003
9.24 -1.0033731718347467 1.8928838621470019 0.6216677509473899
9.25 -1.0033618523919718 1.890215737620739 0.6211973188968937
9.26 -1.0033499194602993 1.8875976286788416 0.6206958517720987
9.27 -1.003337319547979 1.8851208727669324 0.6201600252067128
9.28 -1.0033240032076498 1.88240146269035 0.6195938501439778
9.290000000000001 -1.0033099460009818 1.8800062332542162 0.6189755016989249
9.3 -1.0032950358908428 1.8777367079455765 0.6183146372537155
9.31 -1.0032792164980835 1.875636091988621 0.6176024150989627
9.32 -1.003262404841308 1.8737853792463766 0.616831940745249
9.33 -1.003244498944743 1.872357837320145 0.6159945038868372
9.34 -1.0032253162011424 1.8721020331933382 0.6150772746799651
9.35 -1.003187052573108 1.9557724951389528 0.6153372176665747
9.36 -1.0031830597780305 1.8668461049686762 0.613140875712978
9.370000000000001 -1.0031598457944866 1.8671862594945097 0.6118947107683247
9.38 -1.0031346623883257 1.8683572836052573 0.6105577487844848
9.39 -1.0031073805355688 1.8709385298661154 0.6090685558864454
9.4 -1.0030775797815297 1.8762464519171123 0.6073785906674835
9.41 -1.0030441616317263 1.888503114349743 0.605413567665745
9.42 -1.0029992895111841 1.93725572672977 0.6031925319401042
9.43 -1.0022155507885226 3.0636914886762256 0.6953875992034025
9.44 -1.0029240665715262 1.8689649504130446 0.6022492550094979
9.450000000000001 -1.0028830184601674 1.8795016414336816 0.5977750094313822
9.46 -1.002830711126119 1.898842077073702 0.5937944178522603
9.47 -1.0027681297240782 1.928552274338534 0.5892938578124212
9.48 -1.0026885009260573 1.9808587236432476 0.583838145140218
9.49 -1.002565038728194 2.0969628214349623 0.5772875175177878
9.5 -1.0021856276046592 2.514271141188509 0.5776671064403398
9.51 -0.9778937619395524 3.509416024540236 3.3452404202768755
9.52 -1.0020315469777976 2.060673231256912 0.6605343196352155
9.53 -1.0021534212977838 1.8907048099038395 0.6051283417933653
9.540000000000001 -1.0020272177747358 1.9134472974590548 0.584467092283594
9.55 -1.0017983848200847 1.978507560738127 0.5700849708973041
9.56 -1.0014164103087546 2.0853381356006824 0.5591732937190563
9.57 -1.0006607700366532 2.260707554672157 0.560305455579428
9.58 -0.9985470032629283 2.524187387221566 0.6372758669733293
9.59 -0.9887260224586365 2.4214439339660863 1.3676297238101467
9.6 -0.9915722343797705 3.3245150156961967 2.1880690540823697
9.61 -0.9982573758247726 2.634502069886244 1.2405057336627616
9.620000000000001 -0.9993089217648798 2.097872155662141 0.991889694774254
9.63 -0.9991805137729947 1.885969261967577 0.9082728880111508
9.64 -0.9984979454823424 1.7983958812485183 0.8935306697838601
9.65 -0.997260832281578 1.747350082447424 0.9352184221901072
9.66 -0.9952288431298136 1.6840273901370222 1.0548617744388726
9.67 -0.9920116894310081 1.563603679655805 1.3019614724898665
9.68 -0.9873967587385439 1.3553936398486914 1.7274840884623317
9.69 -0.9872127143171613 2.823977141270624 3.1053042908327573
9.700000000000001 -0.9910079456877797 2.9942945751967707 2.6078660568071315
9.71 -0.9934326031616882 2.905132312331289 2.236605850285934
9.72 -0.994655847311637 2.6558502760699616 2.0014134034405457
9.73 -0.9950521637403469 2.371206086298039 1.870108571705366
9.74 -0.9948907926560472 2.114838157580732 1.8129240110362421
9.75 -0.9943276458648955 1.899416124237701 1.8105069719640163
9.76 -0.9934549942224011 1.7175161580755918 1.8508795392044726
9.77 -0.99234127066704 1.5588337384134796 1.9255274183003168
9.78 -0.991054839601537 1.4160831582170168 2.0265882204487795
9.790000000000001 -0.9903593706631295 2.30291813293812 2.7074346662699362
9.8 -0.9914779433161653 2.4089113687465185 2.5660344855328896
9.81 -0.9924981439476757 2.489904374883357 2.4319444437383755
9.82 -0.993372808141159 2.5362787329550818 2.310920422561658
9.83 -0.9940776552904635 2.5427011019035053 2.206448150273183
9.84 -0.9946091587651833 2.5091965682910184 2.11972415076566
9.85 -0.994978167732443 2.440692645139111 2.0502063994047024
9.86 -0.9952032692036182 2.345297775971836 1.9963047883535134
9.870000000000001 -0.995305905422632 2.232130077866567 1.955948474105178
9.88 -0.9953075063755414 2.1095424109165917 1.9269572470493002
9.89 -0.9952281080813943 1.984160097958699 1.9072472310266841
9.9 -0.9950858275586544 1.860670335966092 1.8949280445524046
9.91 -0.9956060990653002 1.007275161881161 1.0285051214068068
9.92 -0.9961697069233674 1.0436625996769784 0.9961120042420732
9.93 -0.9967127398321911 1.0801050930008897 0.9652433611748507
9.94 -0.9972315608448851 1.11615460012488 0.9361272916197015
9.950000000000001 -0.9977232080081522 1.1514167339360912 0.9089293338945511
9.96 -0.9981855322436611 1.1855675336839986 0.8837486542722413
9.97 -0.9986172429659939 1.2183614450283826 0.8606206905489681
9.98 -0.9990178726782915 1.2496312453359477 0.839524694977341
9.99 -0.9993876817622604 1.2792817132234386 0.8203942320276281
10.0 -0.9997275280148741 1.3072792816394165 0.8031287678197523
10.01 -1.0000387234298238 1.333639821482844 0.7876048775158533
10.02 -1.000322895524395 1.3584162779151843 0.773686106756987
10.03 -1.0005818643583766 1.3816873308604216 0.761231006783958
10.040000000000001 -1.0008175408144455 1.4035477278764934 0.7500992390339296
10.05 -1.0010318474681683 1.4241005243770926 0.7401558907447026
10.06 -1.001226660618918 1.443451185199099 0.7312742725555468
10.07 -1.0014037705759922 1.4617033398076065 0.7233375123636182
10.08 -1.0015648567537552 1.4789559130154715 0.7162392485245967
10.09 -1.0017114741860569 1.4953013418722254 0.7098836857585803
10.1 -1.001845048449269 1.510824613129754 0.7041852269131003
10.11 -1.001966876494599 1.5256028953734582 0.6990678439214376
10.120000000000001 -1.0020781314159937 1.5397055832785467 0.6944643074428799
10.13 -1.0021798696569189 1.553194613105641 0.6903153588425863
10.14 -1.0022730395610921 1.566124944106401 0.6865688804095593
10.15 -1.002358490493547 1.578545129382829 0.6831790990992569
10.16 -1.0024369820058208 1.5904979233253038 0.6801058443155462
10.17 -1.0025091927033956 1.6020208889104925 0.6773138700355917
10.18 -1.002575728607386 1.6131469824298594 0.6747722447605224
10.19 -1.0026371308968445 1.6239051010648689 0.6724538084285884
10.200000000000001 -1.0026938829829364 1.6343205860299994 0.670334692810707
10.21 -1.00274641690928 1.6444156781246217 0.6683939004824103
10.22 -1.002795119100174 1.6542099258772993 0.666612936832229
10.23 -1.0028403354947923 1.6637205473698653 0.6649754894380475
10.24 -1.0028823761141632 1.6729627495688144 0.6634671493276357
10.25 -1.0029215191114191 1.6819500073518736 0.662075169001407
10.26 -1.0029580143560548 1.690694307406277 0.6607882525430538
10.27 -1.002992086601162 1.699206359413637 0.6595963736282309
10.28 -1.003023938279562 1.707495778830459 0.658490617715727
10.290000000000001 -1.0030537519711524 1.7155712443367022 0.6574630451589176
10.3 -1.003081692579798 1.7234406332375056 0.6565065723916657
10.31 -1.0031079092543183 1.731111137423592 0.6556148687164647
10.32 -1.003132537084293 1.7385893623206468 0.6547822665574942
10.33 -1.0031556985979466 1.7458814115823047 0.6540036833348047
10.34 -1.0031775050862402 1.7529929588512179 0.6532745533692761
10.35 -1.0031980577742896 1.7599293086862695 0.6525907684540119
10.36 -1.0032174488587708 1.766695448224374 0.6519486259156327
10.370000000000001 -1.0032357624275783 1.7732960907758581 0.6513447831570667
10.38 -1.003253075276021 1.779735712470437 0.6507762178141075
10.39 -1.0032694576320458 1.786018583183985 0.6502401927793751
10.4 -1.0032849738013931 1.7921487924096877 0.6497342254529035
10.41 -1.0032996827422485 1.798130270825882 0.6492560606665804
10.42 -1.003313638577728 1.8039668083981457 0.6488036468068187
10.43 -1.0033268910535058 1.8096620694280074 0.6483751147251967
10.44 -1.0033394859469842 1.8152196044789626 0.647968759085035
10.450000000000001 -1.0033514654335989 1.8206428622962165 0.6475830218277863
10.46 -1.0033628684151779 1.8259351959720598 0.6472164775168391
10.47 -1.0033737308146577 1.8310998717842168 0.6468678202996586
10.48 -1.0033840858409377 1.8361400742604432 0.6465358523125554
10.49 -1.0033939642272065 1.8410589109310704 0.6462194733444026
10.5 -1.0034033944456573 1.8458594164534914 0.6459176716108751
10.51 -1.0034124029011773 1.8505445555903026 0.6456295155084795
10.52 -1.0034210141062785 1.8551172259310655 0.6453541462334501
10.53 -1.0034292508392866 1.8595802601004068 0.6450907711659516
10.540000000000001 -1.003437134287542 1.8639364274395052 0.6448386579319895
10.55 -1.0034446841772187 1.868188435741168 0.644597129066351
10.56 -1.0034519188911033 1.8723389323815856 0.6443655572095807
10.57 -1.0034588555756165 1.8763905054122494 0.6441433607797818
10.58 -1.0034655102381358 1.8803456847667137 0.6439300000673734
10.59 -1.0034718978356194 1.884206942905448 0.6437249737070548
10.6 -1.0034780323553734 1.8879766957658652 0.643527815486576
10.61 -1.0034839268887628 1.8916573035194824 0.6433380914567047
10.620000000000001 -1.0034895936985335 1.895251071250259 0.6431553973107633
10.63 -1.0034950442803694 1.8987602499327987 0.6429793560059978
10.64 -1.0035002894192369 1.9021870366849363 0.6428096156017281
10.65 -1.0035053392410065 1.9055335759846403 0.642645847292516
10.66 -1.003510203259798 1.908801960215854 0.6424877436166048
10.67 -1.0035148904214335 1.9119942305651956 0.642335016822084
10.68 -1.0035194091433715 1.9151123790907632 0.6421873973723727
10.69 -1.0035237673513842 1.9181583206398836 0.6420446326765885
10.700000000000001 -1.0035279725136568 1.9211340025076213 0.6419064854786852
10.71 -1.0035320316712963 1.9240412250431005 0.6417727333386728
10.72 -1.003535951467714 1.926881793840133 0.641643167048979
10.73 -1.0035397381748017 1.929657458939727 0.6415175899022502
10.74 -1.0035433977174797 1.932369924237299 0.6413958167765057
10.75 -1.0035469356963398 1.9350208487700276 0.6412776733242112
10.76 -1.0035503574085827 1.937611847612139 0.6411629952272383
10.77 -1.0035536678674157 1.94014449297646 0.6410516275109257
10.78 -1.0035568718200265 1.9426203147547059 0.6409434239119348
10.790000000000001 -1.0035599737642464 1.945040801905232 0.640838246295201
10.8 -1.0035629779640227 1.9474074029440513 0.6407359641156188
10.81 -1.003565888463784 1.9497215270111845 0.640636453920715
10.82 -1.0035687091017962 1.95198454495577 0.6405395988906921
10.83 -1.003571443522581 1.9541977898370475 0.6404452884127885
10.84 -1.003574095188482 1.9563625582592696 0.6403534176870358
10.85 -1.0035766673904305 1.9584801109016623 0.6402638873608042
10.86 -1.0035791632579818 1.9605516736918125 0.640176603189828
10.870000000000001 -1.0035815857686792 1.9625784384728229 0.6400914757234526
10.88 -1.0035839377567897 1.9645615640763772 0.6400084200122776
10.89 -1.0035862219214646 1.966502176932549 0.639927355336319
10.9 -1.003588440834365 1.9684013720772493 0.6398482049520808
10.91 -1.0035905969467878 1.9702602139929994 0.6397708958570819
10.92 -1.0035926925963414 1.9720797374155332 0.6396953585704293
10.93 -1.0035947300131896 1.9738609482562437 0.639621526928216
10.94 -1.0035967113259 1.975604824204533 0.6395493378925495
10.950000000000001 -1.003598638566932 1.9773123158454475 0.6394787313730751
10.96 -1.0036005136777746 1.9789843479057738 0.6394096500596992
10.97 -1.0036023385137727 1.9806218205383088 0.6393420392645965
10.98 -1.0036041148486552 1.9822256139474648 0.6392758467674609
10.99 -1.0036058443787361 1.9837966121672463 0.639211022623636
11.0 -1.0036075287194663 1.9853366393799683 0.6391475173804417
11.01 -1.003609169447331 1.986842789851203 0.6390852928056647
11.02 -1.003610768026897 1.9883201491396607 0.6390242963917737
11.03 -1.003612325890065 1.989767736283831 0.6389644903047926
11.040000000000001 -1.0036138444020704 1.991186354226894 0.6389058344522035
11.05 -1.0036153248713802 1.9925767297353527 0.6388482905974708
11.06 -1.0036167685526087 1.9939395616184417 0.6387918221295397
11.07 -1.003618176649164 1.9952755268633404 0.6387363939638725
11.08 -1.00361955031572 1.9965852831877464 0.638681972461516
11.09 -1.00362089066057 1.99786946941251 0.6386285253553109
11.1 -1.00362219874783 1.9991287066527328 0.6385760216811762
11.11 -1.003623475599539 2.000363598794722 0.638524431713581
11.120000000000001 -1.0036247221976267 2.001574732847374 0.6384737269047766
11.13 -1.0036259394857878 2.002762679815687 0.6384238798276011
11.14 -1.0036271283712508 2.0039279947222197 0.638374864121459
11.15 -1.0036282897264486 2.0050712175600447 0.6383266544413758
11.16 -1.0036294243906085 2.0061928735140135 0.6382792264098691
11.17 -1.0036305331712514 2.0072934733678838 0.6382325565714667
11.18 -1.003631616845615 2.008373514056072 0.638186622349711
11.19 -1.0036326761620054 2.0094334789837753 0.6381414020065146
11.200000000000001 -1.0036337118410759 2.010473838541346 0.6380968746036346
11.21 -1.0036347245770416 2.01149505043534 0.6380530199662685
11.22 -1.0036357150388335 2.0124975599842503 0.6380098186485054
11.23 -1.0036366838711928 2.013481800927121 0.6379672519006276
11.24 -1.0036376316957094 2.0144481950426005 0.6379253016380524
11.25 -1.003638559111813 2.015397153334586 0.6378839504119026
11.26 -1.003639466697713 2.0163290757546415 0.6378431813810786
11.27 -1.003640355011288 2.017244351991471 0.6378029782854694
11.28 -1.0036412245909383 2.0181433617527884 0.6377633254208488
11.290000000000001 -1.0036420759563969 2.0190264749902362 0.6377242076145493
11.3 -1.003642909609496 2.0198940526112645 0.6376856102023329
11.31 -1.003643726034901 2.020746446811794 0.637647519006057
11.32 -1.0036445257008095 2.021584001913993 0.6376099203118755
11.33 -1.0036453090596154 2.0224070553401083 0.6375728008485348
11.34 -1.0036460765485418 2.0232159388743978 0.6375361477648465
11.35 -1.0036468285902422 2.0240109816421135 0.6374999486042916
11.36 -1.0036475655933697 2.024792515516095 0.6374641912719744
11.370000000000001 -1.0036482879530986 2.025560887619327 0.6374288639803551
11.38 -1.003648996051567 2.0263164950339467 0.6373939551288518
11.39 -1.0036496902579863 2.0270599083399494 0.6373594529245403
11.4 -1.0036503709261155 2.0277925436575424 0.6373253434763061
11.41 -1.003651038270229 2.028529096301259 0.6372915838764992
11.42 -1.0036516930166548 2.029196459098538 0.6372583632542218
11.43 -1.003652335168186 2.029898599199386 0.6372253635440681
11.44 -1.0036529650731614 2.030583372684368 0.6371927463141838
11.450000000000001 -1.0036535830685414 2.031255929134313 0.6371604823317039
11.46 -1.0036541894520503 2.0319172004261614 0.6371285601772101
11.47 -1.0036547845104353 2.0325676226793603 0.6370969705387046
11.48 -1.0036553685213296 2.033207504763895 0.6370657047949216
11.49 -1.0036559417538147 2.0338371078146738 0.6370347547118483
11.5 -1.0036565044687853 2.0344566700763913 0.6370041123452779
11.51 -1.0036570569192655 2.035066416227123 0.6369737699991328
11.52 -1.003657599350694 2.0356665616365595 0.6369437202029573
11.53 -1.0036581320012012 2.036257314561745 0.6369139556971348
11.540000000000001 -1.0036586551018676 2.0368388773639907 0.6368844694217219
11.55 -1.0036591688769725 2.037411447223517 0.6368552545071481
11.56 -1.0036596735442342 2.037975216690673 0.6368263042660328
11.57 -1.0036601693150375 2.03853037415513 0.6367976121857174
11.58 -1.0036606563946537 2.0390771042034994 0.636769171921261
11.59 -1.003661134982452 2.0396155876736475 0.6367409772887962
11.6 -1.0036616052720968 2.0401460016971553 0.6367130222615324
11.61 -1.0036620674517591 2.0406685224861367 0.6366853009538569
11.620000000000001 -1.0036625217042698 2.0411833207393237 0.6366578076331123
11.63 -1.0036629682073335 2.0416905663179077 0.6366305366979133
11.64 -1.003663407133679 2.042190426840897 0.6366034826797156
11.65 -1.0036638386512358 2.0426830678490746 0.6365766402361374
11.66 -1.0036642629232855 2.043168653900459 0.6365500041455608
11.67 -1.0036646801086193 2.0436473483609925 0.636523569301715
11.68 -1.0036650903616824 2.0441193142070624 0.6364973307082776
11.69 -1.003665493832718 2.044584714535868 0.6364712834734259
11.700000000000001 -1.0036658906679001 2.04504371323617 0.6364454228042153
11.71 -1.0036662810094645 2.04549647567318 0.6364197440007581
11.72 -1.00366666499584 2.0459431697573516 0.6363942424501275
11.73 -1.0036670427617593 2.0463839667217734 0.6363689136197733
11.74 -1.0036674144383841 2.046819042978011 0.6363437530504084
11.75 -1.0036677801534133 2.047248581220022 0.6363187563480392
11.76 -1.0036681400311886 2.0476727726400825 0.6362939191749319
11.77 -1.0036684941928007 2.0480918197993616 0.6362692372391401
11.78 -1.003668842756185 2.04850593944334 0.6362447062820273
11.790000000000001 -1.0036691858362163 2.0489153669629236 0.6362203220631321
11.8 -1.0036695235447997 2.0493203615735482 0.6361960803413402
11.81 -1.0036698559909525 2.0497212139708783 0.6361719768509533
11.82 -1.003670183280885 2.0501182553602773 0.6361480072705787
11.83 -1.0036705055180695 2.0505118711546677 0.6361241671817693
11.84 -1.0036708228033069 2.0509025188507026 0.636100452012784
11.85 -1.003671135234775 2.051290753774151 0.6360768569602805
11.86 -1.0036714429080642 2.0516772661286296 0.6360533768775534
11.870000000000001 -1.0036717459161841 2.052062935963695 0.6360300061106692
11.88 -1.0036720443495288 2.0524489167119215 0.6360067382510545
11.89 -1.0036723382957597 2.0528367664853318 0.6359835657493256
11.9 -1.0036726278395536 2.053228661696029 0.6359604792890998
11.91 -1.0036729130620596 2.0536277636092874 0.6359374667256882
11.92 -1.0036731940397712 2.0540388754795287 0.6359145111888751
11.93 -1.0036734708420019 2.0544697098004074 0.6358915874642374
11.94 -1.0036737435248255 2.054933538841397 0.6358686545040634
11.950000000000001 -1.003674012114548 2.055455386590027 0.635845638189974
11.96 -1.0036742765538933 2.0560888630856584 0.6358223854538394
11.97 -1.0036745364718742 2.056973548299883 0.6357985131010955
11.98 -1.003674789589812 2.0586232950752974 0.6357726972232358
11.99 -1.0036749912436729 2.0657354448018745 0.635735455069946
12.0 -1.0036752400395792 2.0461004224629438 0.6357750779201614
12.01 -1.0036755395176602 2.052874894322318 0.6357272673640754
12.02 -1.0036757866367108 2.054482745969224 0.6357009220839662
12.030000000000001 -1.0036760272606242 2.0553364848727593 0.6356773083506025
12.040000000000001 -1.003676263829541 2.0559359479916184 0.6356546169230339
12.05 -1.0036764968473113 2.0564173270798736 0.6356323758757317
12.06 -1.0036767265079205 2.0568334920579763 0.6356104049120793
12.07 -1.0036769529203589 2.0572091402695794 0.6355886199627409
12.08 -1.0036771761642498 2.0575573831724188 0.6355669758424438
12.09 -1.003677396306587 2.057885839593489 0.6355454455963239
12.1 -1.0036776134079264 2.05819924831303 0.6355240117541113
12.11 -1.0036778275250007 2.058500719195012 0.6355026621837628
12.120000000000001 -1.0036780387119564 2.058792383587895 0.6354813879497009
12.13 -1.0036782470209864 2.0590757561993773 0.6354601821290935
12.14 -1.003678452502683 2.059351947335908 0.6354390391207566
12.15 -1.0036786552062493 2.0596217928305167 0.635417954222793
12.16 -1.0036788551796332 2.05988593697454 0.6353969233644221
12.17 -1.0036790524696229 2.0601448867822647 0.6353759429299247
12.18 -1.0036792471219114 2.0603990490648867 0.6353550096397049
12.19 -1.0036794391811508 2.0606487557618185 0.6353341204678992
12.200000000000001 -1.0036796286909981 2.0608942818567066 0.6353132725839433
12.21 -1.0036798156941458 2.061135858617397 0.6352924633103538
12.22 -1.003680000232358 2.061373682898583 0.6352716900915626
12.23 -1.0036801823464991 2.0616079245790027 0.6352509504706281
12.24 -1.0036803620765564 2.0618387316405467 0.6352302420714169
12.25 -1.0036805394616697 2.062066234250297 0.6352095625849344
12.26 -1.003680714540151 2.0622905483154295 0.6351889097585285
12.27 -1.0036808873495087 2.062511777518607 0.6351682813874094
12.280000000000001 -1.0036810579264637 2.062730015648065 0.6351476753077658
12.290000000000001 -1.0036812263069772 2.0629453479088857 0.6351270893912224
12.3 -1.0036813925262624 2.063157852265681 0.6351065215402932
12.31 -1.0036815566188075 2.06336760065365 0.6350859696845943
12.32 -1.0036817186183915 2.0635746594426756 0.6350654317776778
12.33 -1.0036818785581019 2.0637790904487265 0.6350449057943901
12.34 -1.0036820364703511 2.063980951144835 0.6350243897286232
12.35 -1.003682192386893 2.064180295696827 0.6350038815913917
12.36 -1.0036823463388385 2.064377174658151 0.634983379409215
12.370000000000001 -1.003682498356669 2.064571635835573 0.6349628812227135
12.38 -1.0036826484702528 2.06476372422481 0.6349423850854379
12.39 -1.0036827967088588 2.0649534823598072 0.6349218890628686
12.4 -1.0036829431011682 2.065140950683727 0.6349013912316049
12.41 -1.00368308767529 2.0653261671601397 0.6348808896786908
12.42 -1.003683230458772 2.0655091682166105 0.6348603825011122
12.43 -1.0036833714786146 2.0656899879971116 0.6348398678054452
12.44 -1.0036835107612807 2.0658686589818327 0.6348193437076377
12.450000000000001 -1.0036836483327078 2.0660452119273027 0.6347988083330103
12.46 -1.003683784218319 2.0662196757407645 0.6347782598163585
12.47 -1.0036839184430328 2.066392077833963 0.6347576963022936
12.48 -1.0036840510312723 2.0665624438028694 0.6347371159457684
12.49 -1.0036841820069775 2.066730797548736 0.6347165169128386
12.5 -1.003684311393608 2.0668971613983533 0.6346958973816914
12.51 -1.003684439214158 2.0670615559438485 0.634675255543918
12.52 -1.003684565491157 2.067223999997623 0.6346545896061262
12.530000000000001 -1.0036846902466812 2.067384511043576 0.6346338977917456
12.540000000000001 -1.003684813502356 2.067543105047199 0.634613178342808
12.55 -1.003684935279357 2.06769979878005 0.6345924295203144
12.56 -1.0036850555983965 2.067854617444228 0.6345716495952397
12.57 -1.0036851744793585 2.06800768199853 0.6345508367340261
12.58 -1.0036852919417594 2.0681578762462016 0.6345299913910681
12.59 -1.003685408008933 2.0683073540181667 0.6345091076063359
12.6 -1.0036855226950547 2.068454630488593 0.6344881870910978
12.61 -1.0036856360202844 2.0685999761864684 0.6344672276883577
12.620000000000001 -1.0036857480027412 2.0687434028731095 0.6344462279595992
12.63 -1.0036858586600246 2.0688848993731597 0.6344251865980223
12.64 -1.0036859680092247 2.0690244443711276 0.6344041024194887
12.65 -1.0036860760669015 2.06916200800106 0.6343829743825092
12.66 -1.003686182849043 2.0692975509293965 0.6343618016183589
12.67 -1.0036862883710116 2.069431023181531 0.6343405834703685
12.68 -1.0036863926474686 2.0695623620913177 0.6343193195443395
12.69 -1.0036864956922742 2.06969148968185 0.6342980097733781
12.700000000000001 -1.0036865975183513 2.069818309025654 0.6342766545019493
12.71 -1.0036866981374981 2.069942700184367 0.6342552545959647
12.72 -1.003686797560126 2.0700645141845766 0.6342338115886489
12.73 -1.0036868957949008 2.0701835653912126 0.6342123278764195
12.74 -1.0036869928482202 2.070299621407478 0.6341908069856617
12.75 -1.0036870887234624 2.0704123889997263 0.6341692539422384
12.76 -1.0036871834197605 2.0705214947746047 0.6341476758077781
12.77 -1.0036872769309317 2.0706264578211444 0.63412608235489
12.780000000000001 -1.0036873692416792 2.0707266513583997 0.6341044873225424
12.790000000000001 -1.00368746032467 2.07082124414502 0.6340829099415117
12.8 -1.0036875501331308 2.070909113923398 0.6340613776217164
12.81 -1.0036876385893094 2.070988711238497 0.6340399301659412
12.82 -1.0036877255635657 2.071057839509569 0.6340186269057417
12.83 -1.0036878108347644 2.0711132836669166 0.6339975593673216
12.84 -1.003687894010098 2.071150151123615 0.6339768751773809
12.85 -1.0036879743488536 2.071160627992091 0.6339568267751875
12.86 -1.0036880503319565 2.0711314457331844 0.6339378809295049
12.870000000000001 -1.0036881184520852 2.071038202295596 0.6339209995606725
12.88 -1.0036881690673467 2.0708309623401573 0.6339085073048468
12.89 -1.0036881670761912 2.070391813753757 0.63390767308932
12.9 -1.003687892076952 2.0694088251003357 0.6339561217566583
12.91 -1.0036769256956484 2.079232782483835 0.6353403197270668
12.92 -1.0036870132541793 2.084130172228377 0.6337860320465082
12.93 -1.003688369769625 2.0768205758797906 0.6337177469464951
12.94 -1.003688613361958 2.075355890988973 0.6336994075717631
12.950000000000001 -1.003688741719221 2.074794729429872 0.633680427798881
12.96 -1.0036888400061326 2.0745339025166847 0.6336598643647753
12.97 -1.0036889266737332 2.074408314927658 0.6336381552203892
12.98 -1.0036890076191183 2.074354743878037 0.6336156348196684
12.99 -1.0036890852024467 2.074343842086466 0.6335925115405127
13.0 -1.0036891605211355 2.074360151662183 0.6335689150533689
13.01 -1.0036892341442014 2.0743947659970345 0.6335449281933637
13.02 -1.0036893063926169 2.0744421961855286 0.633520605334568
13.030000000000001 -1.003689377460267 2.0744988781594946 0.6334959829606751
13.040000000000001 -1.0036894474712512 2.0745623992975273 0.6334710859143821
13.05 -1.0036895165091315 2.0746310696763364 0.6334459312156254
13.06 -1.0036895846327907 2.0747036717783556 0.6334205304705637
13.07 -1.003689651885475 2.0747793074557053 0.6333948914370525
13.08 -1.0036897183001747 2.074857300549573 0.6333690190693895
13.09 -1.0036897839029437 2.0749371332441013 0.6333429162322334
13.1 -1.0036898487150163 2.0750184030500876 0.6333165841988435
13.11 -1.0036899127541914 2.0751007931160244 0.6332900230053694
13.120000000000001 -1.0036899760357643 2.0751840513685433 0.6332632317069053
13.13 -1.0036900385731626 2.0752679751990932 0.6332362085652672
13.14 -1.0036901003783962 2.0753524005102837 0.6332089511883828
13.15 -1.0036901614623728 2.0754371935165263 0.6331814566349122
13.16 -1.0036902218351278 2.0755222446498807 0.6331537214933619
13.17 -1.0036902815059974 2.075607463740075 0.633125741942379
13.18 -1.0036903404837405 2.0756927762191983 0.6330975137968425
13.19 -1.0036903987766381 2.0757781207472172 0.6330690325431212
13.200000000000001 -1.00369045639256 2.075863446720672 0.6330402933659958
13.21 -1.0036905133390264 2.0759487125201743 0.6330112911689324
13.22 -1.0036905696232485 2.0760338845950796 0.6329820205890616
13.23 -1.0036906252521636 2.0761189361702455 0.632952476007684
13.24 -1.0036906802324566 2.076203847250177 0.6329226515566395
13.25 -1.003690734570584 2.0762886044796383 0.6328925411204647
13.26 -1.0036907882727808 2.0763732027222184 0.6328621383327607
13.27 -1.0036908413450556 2.076457648746799 0.6328314365624026
13.280000000000001 -1.0036908937931408 2.0765419722909426 0.6328004288752662
13.290000000000001 -1.0036909456222818 2.076626260266845 0.6327691079191154
13.3 -1.0036909968340748 2.0767108460777792 0.6327374655561245
13.31 -1.0036910474213476 2.076797231759096 0.6327054896332304
13.32 -1.0036910945178377 2.076840264774017 0.6326736910787645
13.33 -1.003691146852571 2.076953203265292 0.6326405824127835
13.34 -1.0036911956889156 2.0770379783967003 0.6326075758450527
13.35 -1.0036912439252412 2.0771212063603532 0.632574216171477
13.36 -1.003691291576891 2.0772038623655367 0.632540489419769
13.370000000000001 -1.0036913386502422 2.077286099751023 0.6325063858746662
13.38 -1.003691385150255 2.0773681007488936 0.6324718950857039
13.39 -1.0036914310807803 2.0774498444860514 0.6324370077560165
13.4 -1.0036914764462572 2.0775313627762233 0.6324017137489168
13.41 -1.0036915212507413 2.0776126740656204 0.6323660027257206
13.42 -1.0036915654981373 2.077693793027611 0.6323298640392505
13.43 -1.0036916091922088 2.077774732948777 0.6322932867091932
13.44 -1.0036916523365846 2.077855506370594 0.6322562594044425
13.450000000000001 -1.0036916949347559 2.0779361259918385 0.6322187704270226
13.46 -1.0036917369900815 2.078016604312806 0.6321808076962396
13.47 -1.0036917785057837 2.07809695432957 0.6321423587325191
13.48 -1.0036918194849458 2.078177189155062 0.6321034106406809
13.49 -1.0036918599305147 2.0782573225833083 0.6320639500924567
13.5 -1.0036918998452953 2.0783373686053066 0.6320239633081687
13.51 -1.0036919392319508 2.0784173418566394 0.6319834360374811
13.52 -1.0036919780929967 2.0784972574773 0.6319423535391226
13.530000000000001 -1.0036920164308054 2.0785771309222474 0.6319007005595695
13.540000000000001 -1.0036920542475933 2.0786569784258275 0.6318584613105336
13.55 -1.0036920915454255 2.0787368166790734 0.6318156194452553
13.56 -1.0036921283262066 2.0788166630763505 0.631772158033486
13.57 -1.00369216459168 2.078896535393462 0.6317280595350647
13.58 -1.0036922003434245 2.078976452222235 0.631683305772062
13.59 -1.0036922355828428 2.079056432701487 0.6316378778993226
13.6 -1.0036922703111646 2.0791364966812242 0.6315917563733344
13.61 -1.0036923045294355 2.0792166647667787 0.6315449209193501
13.620000000000001 -1.0036923382385132 2.0792969582290515 0.6314973504965737
13.63 -1.0036923714390589 2.0793773991962405 0.6314490232613665
13.64 -1.0036924041315312 2.0794580105091085 0.6313999165282465
13.65 -1.0036924363161794 2.079538815917775 0.631350006728616
13.66 -1.003692467993034 2.079619840044717 0.6312992693670177
13.67 -1.0036924991618952 2.079701108486678 0.6312476789747138
13.68 -1.0036925298223276 2.079782647778301 0.6311952090605093
13.69 -1.0036925599736457 2.079864485615759 0.631141832058486
13.700000000000001 -1.0036925896149054 2.0799466505570905 0.6310875192725216
13.71 -1.0036926187448878 2.0800291726535955 0.6310322408173372
13.72 -1.0036926473620909 2.0801120829549 0.6309759655557351
13.73 -1.0036926754647097 2.080195413833257 0.6309186610319802
13.74 -1.0036927030506255 2.0802791992067258 0.6308602934006643
13.75 -1.0036927301173835 2.0803634743165036 0.6308008273510551
13.76 -1.0036927566621792 2.080448276118494 0.6307402260263989
13.77 -1.0036927826818378 2.0805336430508037 0.6306784509378239
13.780000000000001 -1.0036928081727905 2.0806196154299648 0.6306154618724205
13.790000000000001 -1.0036928331310504 2.08070623553874 0.6305512167950392
13.8 -1.0036928575521928 2.080793547735995 0.6304856717432837
13.81 -1.0036928814313222 2.080881598338038 0.6304187807151674
13.82 -1.003692904763044 2.0809704361155563 0.6303504955487957
13.83 -1.003692927541434 2.081060112352592 0.6302807657934273
13.84 -1.0036929497600018 2.0811506808967333 0.6302095385711813
13.85 -1.0036929714116518 2.081242198674278 0.6301367584285847
13.86 -1.0036929924886433 2.0813347254731562 0.6300623671770652
13.870000000000001 -1.0036930129825432 2.0814283245824177 0.6299863037214405
13.88 -1.0036930328841778 2.0815230628367076 0.6299085038752799
13.89 -1.0036930521835783 2.0816190109074593 0.6298289001620109
13.9 -1.0036930708699225 2.081716243900554 0.6297474216001939
13.91 -1.0036930889314635 2.0818148419650164 0.6296639934707063
13.92 -1.003693106355091 2.0819149116410407 0.6295785370317772
13.93 -1.0036931231281567 2.0820164643536874 0.6294909694870786
13.94 -1.0036931392345625 2.082119683987586 0.6294012031232271
13.950000000000001 -1.0036931546584749 2.0822246384109833 0.6293091456538821
13.96 -1.003693169382348 2.082331437867792 0.6292146994867324
13.97 -1.0036931833871647 2.082440199392265 0.6291177614479193
13.98 -1.003693196652318 2.0825510483989462 0.6290182223713034
13.99 -1.0036932091554676 2.082664119726876 0.6289159666546161
14.0 -1.0036932208723903 2.082779558589885 0.6288108717757402
14.01 -1.0036932317768095 2.08289752177823 0.6287028077645452
14.02 -1.0036932418401987 2.083018179006513 0.628591636625233
14.030000000000001 -1.0036932510315784 2.0831417146724562 0.6284772117036165
14.040000000000001 -1.0036932593172738 2.0832683297030075 0.628359376992813
14.05 -1.0036932666606577 2.083398243627653 0.6282379663699951
14.06 -1.003693273021849 2.0835316981026466 0.6281128027553711
14.07 -1.0036932783573844 2.0836689604652765 0.6279836971828316
14.08 -1.0036932826198397 2.0838103295790504 0.6278504477686895
14.09 -1.0036932857573972 2.0839561442887744 0.6277128385593937
14.1 -1.003693287713331 2.0841067993685707 0.6275706382262135
14.11 -1.0036932884253453 2.0842627789601904 0.6274235985376121
14.120000000000001 -1.0036932878244833 2.0844247480301124 0.6272714524027779
14.13 -1.003693285831971 2.0845938970824167 0.6271139105826885
14.14 -1.0036932823335944 2.0847742470167274 0.6269506501764003
14.15 -1.003693260353571 2.0852836597526627 0.6267818672341557
14.16 -1.0036932706403499 2.0851128629944604 0.6266059246005246
14.17 -1.0036932622730361 2.085317421674578 0.6264234552708632
14.18 -1.003693251962877 2.0855262016746092 0.62623383028355
14.19 -1.0036932396212832 2.0857442346899226 0.6260365657742245
14.200000000000001 -1.0036932251032142 2.0859735301423292 0.625831162048615
14.21 -1.0036932082422607 2.0862158014891636 0.6256170786766259
14.22 -1.0036931888513059 2.086472899163553 0.6253937266596951
14.23 -1.0036931667200983 2.0867469831813077 0.6251604617032676
14.24 -1.00369314161178 2.087040662789921 0.6249165768542584
14.25 -1.0036931132584883 2.087357162763612 0.6246612939466402
14.26 -1.003693081355841 2.087700547785395 0.6243937534071161
14.27 -1.0036930455558843 2.088076047139659 0.6241130018570001
14.280000000000001 -1.0036930054578175 2.0884905398825278 0.623817976683171
14.290000000000001 -1.0036929605952636 2.0889533088573073 0.6235074862705183
14.3 -1.0036929104178487 2.0894772550078367 0.6231801836945178
14.31 -1.0036928542626025 2.0900809427673677 0.6228345299200803
14.32 -1.0036927913055158 2.0907922282634916 0.6224687388788014
14.33 -1.0036927204703652 2.0916551150650844 0.6220806884680697
14.34 -1.0036926402342465 2.0927437858789633 0.6216677607456713
14.35 -1.0036925481461578 2.0941944212336496 0.6212265165384503
14.36 -1.003692439391031 2.096288211055956 0.6207519205797051
14.370000000000001 -1.0036923012574135 2.0997168192563525 0.6202350765377534
14.38 -1.0036920810183112 2.1067679800231827 0.6196542976673646
14.39 -1.0036912259097333 2.1321898300830813 0.6189165082243739
14.4 -1.0036801181127206 1.9862379654426117 0.6215133466682661
14.41 -1.0036914296944048 2.0648933513610612 0.6183706878384209
14.42 -1.0036914988180146 2.0761362804717574 0.6175198527458413
14.43 -1.0036913398435587 2.0808279282551254 0.6167140328444674
14.44 -1.0036911130734647 2.0835794725979286 0.6158709283753399
14.450000000000001 -1.00369083781587 2.085517223700731 0.6149656225031629
14.46 -1.0036905135641359 2.087054094313897 0.6139821154331899
14.47 -1.0036901335748243 2.0883799596597643 0.6129054388790318
14.48 -1.0036896871866634 2.089597067659108 0.611719177144631
14.49 -1.0036891597851332 2.0907681238848497 0.6104040810852307
14.5 -1.0036885318346018 2.0919365515444506 0.6089368158147054
14.51 -1.0036877771482435 2.093136264050504 0.6072884842405384
14.52 -1.003686860177032 2.0943970209188905 0.6054226727014937
14.530000000000001 -1.0036857318019332 2.0957478155330693 0.6032927195239094
14.540000000000001 -1.0036843226809105 2.0972194093592043 0.6008377634406618
14.55 -1.003682532419964 2.0988465897740323 0.5979768541759763
14.56 -1.003680211303232 2.100670473857159 0.5945999022837656
14.57 -1.0036771281265078 2.102740999951475 0.5905532912971835
14.58 -1.0036729106184077 2.1051194257040775 0.5856160924119854
14.59 -1.003666928138572 2.1078797303550045 0.5794588980406362
14.6 -1.0036580427448383 2.1111048266812773 0.5715685689442155
14.61 -1.0036440286110302 2.1148631574761647 0.561101279375153
14.620000000000001 -1.003620040843148 2.1191118820267603 0.5465715130448308
14.63 -1.003573840706568 2.123299334102952 0.5251272278189644
14.64 -1.0034667867066953 2.1244829652973998 0.4906832801421752
14.65 -1.0031213478563257 2.1052092248091827 0.42944516309191716
14.66 -1.0008106598925728 1.8882579964894661 0.3651562771188435
14.67 -0.9987398814011291 2.5398574609850595 1.8474373192550668
14.68 -1.002938606698043 3.9370783872052795 1.0146134670338318
14.69 -1.0034234600228988 1.9943745570262001 0.8454820083294682
14.700000000000001 -1.0035576429358357 1.953139702739461 0.7791864065615263
14.71 -1.0036123548269074 1.981726834943644 0.7443485731528415
14.72 -1.0036398165066729 2.0023916329480693 0.7229742013105008
14.73 -1.0036555049939617 2.016381418926734 0.7085505088877888
14.74 -1.0036652958953434 2.026234738269643 0.6981706974825804
14.75 -1.0036718115382695 2.0334811564538744 0.6903468364926304
14.76 -1.0036763643556075 2.0390092099023542 0.6842398185135568
14.77 -1.0036796699169184 2.043354591715267 0.679341005377201
14.780000000000001 -1.0036821452051214 2.0468551004952156 0.6753243378813443
14.790000000000001 -1.00368404649375 2.0497327610185634 0.6719712545797808
14.8 -1.0036855383040173 2.0521388836808736 0.6691298095254392
14.81 -1.0036867301667955 2.054179856985498 0.6666911125306342
14.82 -1.0036876972851791 2.0559325268016684 0.6645750999358735
14.83 -1.0036884926771843 2.0574537125123515 0.6627215946136747
14.84 -1.0036891545884508 2.0587862912030053 0.6610844966369388
14.85 -1.0036897111688536 2.0599632040174116 0.6596278968176591
14.86 -1.0036901835090168 2.061010162981917 0.6583234097725273
14.870000000000001 -1.0036905876625029 2.061947522683132 0.6571483024587391
14.88 -1.0036909360231716 2.0627916010418965 0.6560841545977736
14.89 -1.0036912382823997 2.0635556298094664 0.6551158826706006
14.9 -1.0036915021064774 2.064250448876976 0.6542310173870086
14.91 -1.0036917336238977 2.0648850218680024 0.6534191610410224
14.92 -1.0036919377811457 2.0654668244223666 0.6526715746012437
14.93 -1.003692118606043 2.06600214022427 0.6519808597467466
14.94 -1.0036922794050986 2.066496288428791 0.6513407113251399
14.950000000000001 -1.0036924229131128 2.066953802408489 0.6507457226889024
14.96 -1.0036925514078034 2.0673785688190365 0.650191231188002
14.97 -1.003692666798479 2.0677739390966656 0.6496731944780235
14.98 -1.0036927706952807 2.0681428186682185 0.6491880907058358
14.99 -1.0036928644637009 2.068487738068239 0.6487328373638015
15.0 -1.0036929492678537 2.068810912126417 0.6483047248630396
